0.474812 0.844111 0.500000 0.500000 0.000000 0.000000 1.000000 0.000000 0.000000 0.000000 0.000000 1.000000 -0.000000 0.000000 0.000000 0.000000 1.000000 0.000000
0.474812 0.844111 0.500000 0.500000 0.000000 0.000000 1.000000 0.000000 0.000000 0.000000 0.000000 0.999465 -0.032719 0.000000 0.000000 0.032719 0.999465 0.000000
0.474812 0.844111 0.500000 0.500000 0.000000 0.000000 1.000000 0.000000 0.000000 0.000000 0.000000 0.997859 -0.065403 0.000000 0.000000 0.065403 0.997859 0.000000
0.474812 0.844111 0.500000 0.500000 0.000000 0.000000 1.000000 0.000000 0.000000 0.000000 0.000000 0.995185 -0.098017 0.000000 0.000000 0.098017 0.995185 0.000000
0.474812 0.844111 0.500000 0.500000 0.000000 0.000000 1.000000 0.000000 0.000000 0.000000 0.000000 0.991445 -0.130526 0.000000 0.000000 0.130526 0.991445 0.000000
0.474812 0.844111 0.500000 0.500000 0.000000 0.000000 1.000000 0.000000 0.000000 0.000000 0.000000 0.986643 -0.162895 0.000000 0.000000 0.162895 0.986643 0.000000
0.474812 0.844111 0.500000 0.500000 0.000000 0.000000 1.000000 0.000000 0.000000 0.000000 0.000000 0.980785 -0.195090 0.000000 0.000000 0.195090 0.980785 0.000000
0.474812 0.844111 0.500000 0.500000 0.000000 0.000000 1.000000 0.000000 0.000000 0.000000 0.000000 0.973877 -0.227076 0.000000 0.000000 0.227076 0.973877 0.000000
0.474812 0.844111 0.500000 0.500000 0.000000 0.000000 1.000000 0.000000 0.000000 0.000000 0.000000 0.965926 -0.258819 0.000000 0.000000 0.258819 0.965926 0.000000
0.474812 0.844111 0.500000 0.500000 0.000000 0.000000 1.000000 0.000000 0.000000 0.000000 0.000000 0.956940 -0.290285 0.000000 0.000000 0.290285 0.956940 0.000000
0.474812 0.844111 0.500000 0.500000 0.000000 0.000000 1.000000 0.000000 0.000000 0.000000 0.000000 0.946930 -0.321439 0.000000 0.000000 0.321439 0.946930 0.000000
0.474812 0.844111 0.500000 0.500000 0.000000 0.000000 1.000000 0.000000 0.000000 0.000000 0.000000 0.935906 -0.352250 0.000000 0.000000 0.352250 0.935906 0.000000
0.474812 0.844111 0.500000 0.500000 0.000000 0.000000 1.000000 0.000000 0.000000 0.000000 0.000000 0.923880 -0.382683 0.000000 0.000000 0.382683 0.923880 0.000000
0.474812 0.844111 0.500000 0.500000 0.000000 0.000000 1.000000 0.000000 0.000000 0.000000 0.000000 0.910864 -0.412707 0.000000 0.000000 0.412707 0.910864 0.000000
0.474812 0.844111 0.500000 0.500000 0.000000 0.000000 1.000000 0.000000 0.000000 0.000000 0.000000 0.896873 -0.442289 0.000000 0.000000 0.442289 0.896873 0.000000
0.474812 0.844111 0.500000 0.500000 0.000000 0.000000 1.000000 0.000000 0.000000 0.000000 0.000000 0.881921 -0.471397 0.000000 0.000000 0.471397 0.881921 0.000000
0.474812 0.844111 0.500000 0.500000 0.000000 0.000000 1.000000 0.000000 0.000000 0.000000 0.000000 0.866025 -0.500000 0.000000 0.000000 0.500000 0.866025 0.000000
0.474812 0.844111 0.500000 0.500000 0.000000 0.000000 1.000000 0.000000 0.000000 0.000000 0.000000 0.849202 -0.528068 0.000000 0.000000 0.528068 0.849202 0.000000
0.474812 0.844111 0.500000 0.500000 0.000000 0.000000 1.000000 0.000000 0.000000 0.000000 0.000000 0.831470 -0.555570 0.000000 0.000000 0.555570 0.831470 0.000000
0.474812 0.844111 0.500000 0.500000 0.000000 0.000000 1.000000 0.000000 0.000000 0.000000 0.000000 0.812847 -0.582478 0.000000 0.000000 0.582478 0.812847 0.000000
0.474812 0.844111 0.500000 0.500000 0.000000 0.000000 1.000000 0.000000 0.000000 0.000000 0.000000 0.793353 -0.608761 0.000000 0.000000 0.608761 0.793353 0.000000
0.474812 0.844111 0.500000 0.500000 0.000000 0.000000 1.000000 0.000000 0.000000 0.000000 0.000000 0.773010 -0.634393 0.000000 0.000000 0.634393 0.773010 0.000000
0.474812 0.844111 0.500000 0.500000 0.000000 0.000000 1.000000 0.000000 0.000000 0.000000 0.000000 0.751840 -0.659346 0.000000 0.000000 0.659346 0.751840 0.000000
0.474812 0.844111 0.500000 0.500000 0.000000 0.000000 1.000000 0.000000 0.000000 0.000000 0.000000 0.729864 -0.683592 0.000000 0.000000 0.683592 0.729864 0.000000
0.474812 0.844111 0.500000 0.500000 0.000000 0.000000 1.000000 0.000000 0.000000 0.000000 0.000000 0.707107 -0.707107 0.000000 0.000000 0.707107 0.707107 0.000000
0.474812 0.844111 0.500000 0.500000 0.000000 0.000000 1.000000 0.000000 0.000000 0.000000 0.000000 0.683592 -0.729864 0.000000 0.000000 0.729864 0.683592 0.000000
0.474812 0.844111 0.500000 0.500000 0.000000 0.000000 1.000000 0.000000 0.000000 0.000000 0.000000 0.659346 -0.751840 0.000000 0.000000 0.751840 0.659346 0.000000
0.474812 0.844111 0.500000 0.500000 0.000000 0.000000 1.000000 0.000000 0.000000 0.000000 0.000000 0.634393 -0.773010 0.000000 0.000000 0.773010 0.634393 0.000000
0.474812 0.844111 0.500000 0.500000 0.000000 0.000000 1.000000 0.000000 0.000000 0.000000 0.000000 0.608761 -0.793353 0.000000 0.000000 0.793353 0.608761 0.000000
0.474812 0.844111 0.500000 0.500000 0.000000 0.000000 1.000000 0.000000 0.000000 0.000000 0.000000 0.582478 -0.812847 0.000000 0.000000 0.812847 0.582478 0.000000
0.474812 0.844111 0.500000 0.500000 0.000000 0.000000 1.000000 0.000000 0.000000 0.000000 0.000000 0.555570 -0.831470 0.000000 0.000000 0.831470 0.555570 0.000000
0.474812 0.844111 0.500000 0.500000 0.000000 0.000000 1.000000 0.000000 0.000000 0.000000 0.000000 0.528068 -0.849202 0.000000 0.000000 0.849202 0.528068 0.000000
0.474812 0.844111 0.500000 0.500000 0.000000 0.000000 1.000000 0.000000 0.000000 0.000000 0.000000 0.500000 -0.866025 0.000000 0.000000 0.866025 0.500000 0.000000
0.474812 0.844111 0.500000 0.500000 0.000000 0.000000 1.000000 0.000000 0.000000 0.000000 0.000000 0.471397 -0.881921 0.000000 0.000000 0.881921 0.471397 0.000000
0.474812 0.844111 0.500000 0.500000 0.000000 0.000000 1.000000 0.000000 0.000000 0.000000 0.000000 0.442289 -0.896873 0.000000 0.000000 0.896873 0.442289 0.000000
0.474812 0.844111 0.500000 0.500000 0.000000 0.000000 1.000000 0.000000 0.000000 0.000000 0.000000 0.412707 -0.910864 0.000000 0.000000 0.910864 0.412707 0.000000
0.474812 0.844111 0.500000 0.500000 0.000000 0.000000 1.000000 0.000000 0.000000 0.000000 0.000000 0.382683 -0.923880 0.000000 0.000000 0.923880 0.382683 0.000000
0.474812 0.844111 0.500000 0.500000 0.000000 0.000000 1.000000 0.000000 0.000000 0.000000 0.000000 0.352250 -0.935906 0.000000 0.000000 0.935906 0.352250 0.000000
0.474812 0.844111 0.500000 0.500000 0.000000 0.000000 1.000000 0.000000 0.000000 0.000000 0.000000 0.321439 -0.946930 0.000000 0.000000 0.946930 0.321439 0.000000
0.474812 0.844111 0.500000 0.500000 0.000000 0.000000 1.000000 0.000000 0.000000 0.000000 0.000000 0.290285 -0.956940 0.000000 0.000000 0.956940 0.290285 0.000000
0.474812 0.844111 0.500000 0.500000 0.000000 0.000000 1.000000 0.000000 0.000000 0.000000 0.000000 0.258819 -0.965926 0.000000 0.000000 0.965926 0.258819 0.000000
0.474812 0.844111 0.500000 0.500000 0.000000 0.000000 1.000000 0.000000 0.000000 0.000000 0.000000 0.227076 -0.973877 0.000000 0.000000 0.973877 0.227076 0.000000
0.474812 0.844111 0.500000 0.500000 0.000000 0.000000 1.000000 0.000000 0.000000 0.000000 0.000000 0.195090 -0.980785 0.000000 0.000000 0.980785 0.195090 0.000000
0.474812 0.844111 0.500000 0.500000 0.000000 0.000000 1.000000 0.000000 0.000000 0.000000 0.000000 0.162895 -0.986643 0.000000 0.000000 0.986643 0.162895 0.000000
0.474812 0.844111 0.500000 0.500000 0.000000 0.000000 1.000000 0.000000 0.000000 0.000000 0.000000 0.130526 -0.991445 0.000000 0.000000 0.991445 0.130526 0.000000
0.474812 0.844111 0.500000 0.500000 0.000000 0.000000 1.000000 0.000000 0.000000 0.000000 0.000000 0.098017 -0.995185 0.000000 0.000000 0.995185 0.098017 0.000000
0.474812 0.844111 0.500000 0.500000 0.000000 0.000000 1.000000 0.000000 0.000000 0.000000 0.000000 0.065403 -0.997859 0.000000 0.000000 0.997859 0.065403 0.000000
0.474812 0.844111 0.500000 0.500000 0.000000 0.000000 1.000000 0.000000 0.000000 0.000000 0.000000 0.032719 -0.999465 0.000000 0.000000 0.999465 0.032719 0.000000
0.474812 0.844111 0.500000 0.500000 0.000000 0.000000 1.000000 0.000000 0.000000 0.000000 0.000000 0.000000 -1.000000 0.000000 0.000000 1.000000 0.000000 0.000000
