0.497111 0.883753 0.500000 0.500000 0.000000 0.000000 1.000000 0.000000 -0.000000 -0.000000 -0.000000 1.000000 0.000000 0.000000 0.000000 -0.000000 1.000000 0.000000
0.497111 0.883753 0.500000 0.500000 0.000000 0.000000 0.999919 -0.002368 0.012528 0.008206 0.002365 0.999997 0.000246 -0.011939 -0.012529 -0.000217 0.999921 0.051175
0.497111 0.883753 0.500000 0.500000 0.000000 0.000000 0.999686 -0.004823 0.024583 0.016946 0.004804 0.999988 0.000826 -0.025159 -0.024587 -0.000707 0.999697 0.101218
0.497111 0.883753 0.500000 0.500000 0.000000 0.000000 0.999288 -0.007402 0.036991 0.023794 0.007405 0.999973 0.000076 -0.038454 -0.036991 0.000198 0.999316 0.149872
0.497111 0.883753 0.500000 0.500000 0.000000 0.000000 0.999057 -0.008505 0.042582 0.028704 0.008500 0.999964 0.000312 -0.045036 -0.042583 0.000050 0.999093 0.174403
0.497111 0.883753 0.500000 0.500000 0.000000 0.000000 0.998453 -0.011093 0.054492 0.035880 0.011066 0.999938 0.000794 -0.057561 -0.054498 -0.000190 0.998514 0.221341
0.497111 0.883753 0.500000 0.500000 0.000000 0.000000 0.997665 -0.013375 0.066974 0.042560 0.013351 0.999911 0.000810 -0.066974 -0.066979 0.000086 0.997754 0.269508
0.497111 0.883753 0.500000 0.500000 0.000000 0.000000 0.996692 -0.015736 0.079728 0.047727 0.015744 0.999876 0.000531 -0.073962 -0.079726 0.000726 0.996817 0.318513
0.497111 0.883753 0.500000 0.500000 0.000000 0.000000 0.995563 -0.018279 0.092301 0.053255 0.018256 0.999833 0.001097 -0.079132 -0.092306 0.000593 0.995731 0.369250
0.497111 0.883753 0.500000 0.500000 0.000000 0.000000 0.994184 -0.020887 0.105650 0.057289 0.020868 0.999781 0.001285 -0.081813 -0.105653 0.000928 0.994403 0.421510
0.497111 0.883753 0.500000 0.500000 0.000000 0.000000 0.992504 -0.023668 0.119901 0.061269 0.023679 0.999719 0.001329 -0.084911 -0.119899 0.001520 0.992785 0.474738
0.497111 0.883753 0.500000 0.500000 0.000000 0.000000 0.990563 -0.026417 0.134490 0.062838 0.026464 0.999649 0.001439 -0.089874 -0.134481 0.002133 0.990914 0.528024
0.497111 0.883753 0.500000 0.500000 0.000000 0.000000 0.989484 -0.028075 0.141893 0.064270 0.028100 0.999603 0.001828 -0.093571 -0.141888 0.002178 0.989880 0.553787
0.497111 0.883753 0.500000 0.500000 0.000000 0.000000 0.987024 -0.031474 0.157456 0.067278 0.031501 0.999501 0.002325 -0.100735 -0.157451 0.002666 0.987523 0.604510
0.497111 0.883753 0.500000 0.500000 0.000000 0.000000 0.984146 -0.035028 0.173868 0.071251 0.035139 0.999379 0.002443 -0.109026 -0.173845 0.003705 0.984766 0.652562
0.497111 0.883753 0.500000 0.500000 0.000000 0.000000 0.980502 -0.038320 0.192735 0.075929 0.038497 0.999255 0.002826 -0.118217 -0.192699 0.004649 0.981247 0.699022
0.497111 0.883753 0.500000 0.500000 0.000000 0.000000 0.976189 -0.042152 0.212788 0.082536 0.042270 0.999098 0.003996 -0.127224 -0.212765 0.005094 0.977090 0.742683
0.497111 0.883753 0.500000 0.500000 0.000000 0.000000 0.971148 -0.046722 0.233855 0.091725 0.046912 0.998888 0.004755 -0.134028 -0.233817 0.006353 0.972260 0.784194
0.497111 0.883753 0.500000 0.500000 0.000000 0.000000 0.965263 -0.051337 0.256188 0.103690 0.051612 0.998651 0.005653 -0.139397 -0.256133 0.007766 0.966610 0.823475
0.497111 0.883753 0.500000 0.500000 0.000000 0.000000 0.958488 -0.055717 0.279638 0.117716 0.056239 0.998398 0.006162 -0.141251 -0.279533 0.009820 0.960086 0.862623
0.497111 0.883753 0.500000 0.500000 0.000000 0.000000 0.954801 -0.057889 0.291554 0.125688 0.058606 0.998261 0.006280 -0.142330 -0.291410 0.011090 0.956534 0.881584
0.497111 0.883753 0.500000 0.500000 0.000000 0.000000 0.947141 -0.062612 0.314649 0.144799 0.063754 0.997943 0.006671 -0.144135 -0.314420 0.013742 0.949184 0.918354
0.497111 0.883753 0.500000 0.500000 0.000000 0.000000 0.938776 -0.067538 0.337843 0.164626 0.068917 0.997591 0.007924 -0.146242 -0.337564 0.015844 0.941169 0.954138
0.497111 0.883753 0.500000 0.500000 0.000000 0.000000 0.929633 -0.071565 0.361470 0.186040 0.073238 0.997273 0.009087 -0.145504 -0.361135 0.018025 0.932339 0.990309
0.497111 0.883753 0.500000 0.500000 0.000000 0.000000 0.919796 -0.075441 0.385076 0.210412 0.077419 0.996945 0.010389 -0.149022 -0.384684 0.020256 0.922826 1.026103
0.497111 0.883753 0.500000 0.500000 0.000000 0.000000 0.909773 -0.079613 0.407399 0.238390 0.082160 0.996555 0.011270 -0.153513 -0.406893 0.023218 0.913181 1.060644
0.497111 0.883753 0.500000 0.500000 0.000000 0.000000 0.899202 -0.084401 0.429316 0.267439 0.086985 0.996116 0.013641 -0.160531 -0.428800 0.025078 0.903051 1.092495
0.497111 0.883753 0.500000 0.500000 0.000000 0.000000 0.887792 -0.089028 0.451552 0.295610 0.091841 0.995649 0.015734 -0.167618 -0.450988 0.027502 0.892106 1.124068
0.497111 0.883753 0.500000 0.500000 0.000000 0.000000 0.881656 -0.091542 0.462928 0.309812 0.094520 0.995381 0.016817 -0.172125 -0.462329 0.028929 0.886237 1.139258
0.497111 0.883753 0.500000 0.500000 0.000000 0.000000 0.869221 -0.096173 0.484980 0.338161 0.099158 0.994879 0.019568 -0.182767 -0.484378 0.031081 0.874306 1.167749
0.497111 0.883753 0.500000 0.500000 0.000000 0.000000 0.855955 -0.100601 0.507170 0.366942 0.104017 0.994339 0.021684 -0.192308 -0.506480 0.034194 0.861573 1.195232
0.497111 0.883753 0.500000 0.500000 0.000000 0.000000 0.842439 -0.105119 0.528437 0.395102 0.108793 0.993769 0.024246 -0.202301 -0.527693 0.037065 0.848626 1.221788
0.497111 0.883753 0.500000 0.500000 0.000000 0.000000 0.827179 -0.109905 0.551086 0.423258 0.113645 0.993141 0.027484 -0.212104 -0.550327 0.039894 0.833996 1.246251
0.497111 0.883753 0.500000 0.500000 0.000000 0.000000 0.811120 -0.114244 0.573614 0.451580 0.118499 0.992498 0.030107 -0.221700 -0.572750 0.043552 0.818572 1.270168
0.497111 0.883753 0.500000 0.500000 0.000000 0.000000 0.794061 -0.118795 0.596116 0.481666 0.123250 0.991811 0.033474 -0.229374 -0.595211 0.046891 0.802200 1.293764
0.497111 0.883753 0.500000 0.500000 0.000000 0.000000 0.776022 -0.122838 0.618628 0.510776 0.128401 0.991079 0.035725 -0.233784 -0.617498 0.051709 0.784871 1.318889
0.497111 0.883753 0.500000 0.500000 0.000000 0.000000 0.766754 -0.125112 0.629632 0.526259 0.130578 0.990715 0.037846 -0.238206 -0.628521 0.053197 0.775971 1.330786
0.497111 0.883753 0.500000 0.500000 0.000000 0.000000 0.747430 -0.129443 0.651608 0.555359 0.135117 0.989953 0.041669 -0.244782 -0.650455 0.056899 0.757411 1.355215
0.497111 0.883753 0.500000 0.500000 0.000000 0.000000 0.727256 -0.133493 0.673259 0.584176 0.139273 0.989199 0.045694 -0.253335 -0.672087 0.060536 0.737993 1.377998
0.497111 0.883753 0.500000 0.500000 0.000000 0.000000 0.706488 -0.137376 0.694264 0.611819 0.143655 0.988395 0.049392 -0.262496 -0.692992 0.064840 0.718023 1.401850
0.497111 0.883753 0.500000 0.500000 0.000000 0.000000 0.685792 -0.141096 0.713990 0.638342 0.147714 0.987594 0.053285 -0.275585 -0.712650 0.068923 0.698125 1.423374
0.497111 0.883753 0.500000 0.500000 0.000000 0.000000 0.665148 -0.144278 0.732641 0.662227 0.151785 0.986796 0.056526 -0.287814 -0.731122 0.073606 0.678264 1.443285
0.497111 0.883753 0.500000 0.500000 0.000000 0.000000 0.643099 -0.148078 0.751330 0.687133 0.155931 0.985893 0.060839 -0.300538 -0.749739 0.078030 0.657117 1.457629
0.497111 0.883753 0.500000 0.500000 0.000000 0.000000 0.620575 -0.151364 0.769400 0.711715 0.159799 0.985014 0.064892 -0.312400 -0.767692 0.082679 0.635463 1.471619
0.497111 0.883753 0.500000 0.500000 0.000000 0.000000 0.609202 -0.152482 0.778217 0.724442 0.161842 0.984592 0.066226 -0.318479 -0.776325 0.085603 0.624494 1.477000
0.497111 0.883753 0.500000 0.500000 0.000000 0.000000 0.586464 -0.154258 0.795150 0.749440 0.164675 0.983902 0.069420 -0.327781 -0.793058 0.090229 0.602426 1.487681
0.497111 0.883753 0.500000 0.500000 0.000000 0.000000 0.562944 -0.158017 0.811249 0.777268 0.167692 0.982975 0.075101 -0.338037 -0.809304 0.093762 0.579858 1.495192
0.497111 0.883753 0.500000 0.500000 0.000000 0.000000 0.538750 -0.160670 0.827003 0.812024 0.170949 0.982073 0.079433 -0.344134 -0.824939 0.098581 0.556558 1.505713
0.497111 0.883753 0.500000 0.500000 0.000000 0.000000 0.516293 -0.162830 0.840790 0.843954 0.173682 0.981265 0.083385 -0.349199 -0.838615 0.102979 0.534901 1.513592
