0.479135 0.851796 0.500000 0.500000 0.000000 0.000000 1.000000 0.000000 0.000000 0.000000 -0.000000 1.000000 0.000000 0.000000 -0.000000 0.000000 1.000000 0.000000
0.479135 0.851796 0.500000 0.500000 0.000000 0.000000 0.999999 0.000036 0.001697 0.003251 -0.000034 1.000000 -0.001011 -0.004629 -0.001697 0.001011 0.999998 0.048252
0.479135 0.851796 0.500000 0.500000 0.000000 0.000000 0.999993 0.000400 0.003595 0.003805 -0.000394 0.999998 -0.001737 -0.007293 -0.003596 0.001735 0.999992 0.097305
0.479135 0.851796 0.500000 0.500000 0.000000 0.000000 0.999981 0.000469 0.006087 0.001856 -0.000455 0.999997 -0.002403 -0.009899 -0.006088 0.002400 0.999979 0.147761
0.479135 0.851796 0.500000 0.500000 0.000000 0.000000 0.999970 0.000438 0.007790 0.000256 -0.000414 0.999995 -0.003018 -0.010644 -0.007791 0.003014 0.999965 0.172868
0.479135 0.851796 0.500000 0.500000 0.000000 0.000000 0.999928 0.000250 0.011978 -0.003168 -0.000201 0.999992 -0.004099 -0.013879 -0.011979 0.004096 0.999920 0.223462
0.479135 0.851796 0.500000 0.500000 0.000000 0.000000 0.999855 -0.000162 0.017020 -0.010207 0.000252 0.999986 -0.005311 -0.017362 -0.017019 0.005315 0.999841 0.274201
0.479135 0.851796 0.500000 0.500000 0.000000 0.000000 0.999760 0.000188 0.021886 -0.018542 -0.000053 0.999981 -0.006180 -0.022313 -0.021887 0.006178 0.999741 0.326529
0.479135 0.851796 0.500000 0.500000 0.000000 0.000000 0.999641 0.000673 0.026799 -0.028358 -0.000477 0.999973 -0.007303 -0.026431 -0.026804 0.007287 0.999614 0.377895
0.479135 0.851796 0.500000 0.500000 0.000000 0.000000 0.999480 0.000925 0.032231 -0.038202 -0.000654 0.999964 -0.008410 -0.030493 -0.032238 0.008385 0.999445 0.426334
0.479135 0.851796 0.500000 0.500000 0.000000 0.000000 0.999250 0.001639 0.038680 -0.050652 -0.001284 0.999957 -0.009189 -0.033700 -0.038693 0.009133 0.999209 0.473359
0.479135 0.851796 0.500000 0.500000 0.000000 0.000000 0.999005 0.002214 0.044533 -0.060744 -0.001803 0.999955 -0.009270 -0.039215 -0.044552 0.009181 0.998965 0.518502
0.479135 0.851796 0.500000 0.500000 0.000000 0.000000 0.998859 0.002359 0.047707 -0.067015 -0.001868 0.999945 -0.010353 -0.038549 -0.047729 0.010252 0.998808 0.540905
0.479135 0.851796 0.500000 0.500000 0.000000 0.000000 0.998585 0.003134 0.053083 -0.076162 -0.002578 0.999941 -0.010548 -0.043275 -0.053113 0.010396 0.998534 0.583681
0.479135 0.851796 0.500000 0.500000 0.000000 0.000000 0.998270 0.003700 0.058683 -0.085776 -0.003069 0.999937 -0.010843 -0.047342 -0.058719 0.010645 0.998218 0.627145
0.479135 0.851796 0.500000 0.500000 0.000000 0.000000 0.997819 0.004039 0.065887 -0.096865 -0.003246 0.999921 -0.012137 -0.048826 -0.065931 0.011897 0.997753 0.670760
0.479135 0.851796 0.500000 0.500000 0.000000 0.000000 0.997295 0.004131 0.073392 -0.105819 -0.003248 0.999921 -0.012150 -0.055345 -0.073436 0.011879 0.997229 0.712151
0.479135 0.851796 0.500000 0.500000 0.000000 0.000000 0.996735 0.004351 0.080630 -0.114296 -0.003216 0.999894 -0.014199 -0.057606 -0.080683 0.013894 0.996643 0.754061
0.479135 0.851796 0.500000 0.500000 0.000000 0.000000 0.996146 0.004477 0.087599 -0.122782 -0.003272 0.999898 -0.013896 -0.067687 -0.087652 0.013555 0.996059 0.793076
0.479135 0.851796 0.500000 0.500000 0.000000 0.000000 0.995514 0.004893 0.094484 -0.131388 -0.003343 0.999858 -0.016548 -0.069442 -0.094552 0.016158 0.995389 0.833858
0.479135 0.851796 0.500000 0.500000 0.000000 0.000000 0.995138 0.005530 0.098330 -0.136563 -0.003946 0.999860 -0.016291 -0.074711 -0.098406 0.015824 0.995020 0.853119
0.479135 0.851796 0.500000 0.500000 0.000000 0.000000 0.994358 0.005901 0.105914 -0.144598 -0.004170 0.999854 -0.016561 -0.082281 -0.105997 0.016026 0.994237 0.890677
0.479135 0.851796 0.500000 0.500000 0.000000 0.000000 0.993310 0.006090 0.115315 -0.154643 -0.003998 0.999823 -0.018361 -0.084488 -0.115406 0.017777 0.993159 0.928200
0.479135 0.851796 0.500000 0.500000 0.000000 0.000000 0.992222 0.005798 0.124343 -0.161694 -0.003434 0.999810 -0.019214 -0.089514 -0.124430 0.018638 0.992053 0.964938
0.479135 0.851796 0.500000 0.500000 0.000000 0.000000 0.990899 0.005441 0.134497 -0.172528 -0.002732 0.999790 -0.020323 -0.093789 -0.134579 0.019771 0.990706 1.003175
0.479135 0.851796 0.500000 0.500000 0.000000 0.000000 0.989477 0.005218 0.144594 -0.183960 -0.002174 0.999773 -0.021201 -0.097472 -0.144671 0.020663 0.989264 1.042127
0.479135 0.851796 0.500000 0.500000 0.000000 0.000000 0.988016 0.005151 0.154265 -0.194398 -0.001661 0.999740 -0.022744 -0.098495 -0.154342 0.022215 0.987768 1.080648
0.479135 0.851796 0.500000 0.500000 0.000000 0.000000 0.986536 0.004666 0.163480 -0.203514 -0.000877 0.999729 -0.023244 -0.102155 -0.163544 0.022788 0.986273 1.116974
0.479135 0.851796 0.500000 0.500000 0.000000 0.000000 0.985708 0.004739 0.168396 -0.208835 -0.000707 0.999712 -0.023996 -0.101844 -0.168461 0.023534 0.985427 1.135975
0.479135 0.851796 0.500000 0.500000 0.000000 0.000000 0.983998 0.004567 0.178118 -0.218586 -0.000164 0.999694 -0.024724 -0.102076 -0.178177 0.024299 0.983698 1.172261
0.479135 0.851796 0.500000 0.500000 0.000000 0.000000 0.982281 0.004238 0.187368 -0.224151 0.000597 0.999668 -0.025742 -0.101096 -0.187415 0.025398 0.981953 1.206498
0.479135 0.851796 0.500000 0.500000 0.000000 0.000000 0.980452 0.003816 0.196720 -0.228080 0.001448 0.999645 -0.026608 -0.099425 -0.196752 0.026373 0.980098 1.240007
0.479135 0.851796 0.500000 0.500000 0.000000 0.000000 0.978412 0.003292 0.206636 -0.232664 0.002347 0.999632 -0.027038 -0.097719 -0.206649 0.026939 0.978044 1.273694
0.479135 0.851796 0.500000 0.500000 0.000000 0.000000 0.976458 0.002254 0.215695 -0.233548 0.003710 0.999622 -0.027242 -0.096199 -0.215675 0.027401 0.976081 1.306537
0.479135 0.851796 0.500000 0.500000 0.000000 0.000000 0.974292 0.001561 0.225286 -0.234757 0.004757 0.999611 -0.027500 -0.093172 -0.225241 0.027864 0.973905 1.339746
0.479135 0.851796 0.500000 0.500000 0.000000 0.000000 0.971990 0.000502 0.235023 -0.235709 0.006099 0.999607 -0.027356 -0.089577 -0.234944 0.028023 0.971605 1.372923
0.479135 0.851796 0.500000 0.500000 0.000000 0.000000 0.970833 0.000188 0.239758 -0.235527 0.006581 0.999602 -0.027434 -0.086784 -0.239668 0.028212 0.970445 1.389073
0.479135 0.851796 0.500000 0.500000 0.000000 0.000000 0.968387 -0.000816 0.249451 -0.235524 0.007822 0.999602 -0.027096 -0.081261 -0.249330 0.028190 0.968008 1.419631
0.479135 0.851796 0.500000 0.500000 0.000000 0.000000 0.965979 -0.001936 0.258613 -0.233372 0.009201 0.999596 -0.026885 -0.073222 -0.258457 0.028349 0.965607 1.447913
0.479135 0.851796 0.500000 0.500000 0.000000 0.000000 0.963616 -0.003024 0.267272 -0.230123 0.010605 0.999581 -0.026926 -0.063013 -0.267079 0.028781 0.963245 1.472872
0.479135 0.851796 0.500000 0.500000 0.000000 0.000000 0.961027 -0.003968 0.276425 -0.227916 0.011866 0.999568 -0.026904 -0.051422 -0.276199 0.029136 0.960659 1.496958
0.479135 0.851796 0.500000 0.500000 0.000000 0.000000 0.958526 -0.005060 0.284962 -0.223746 0.013176 0.999560 -0.026569 -0.039264 -0.284702 0.029221 0.958171 1.519233
0.479135 0.851796 0.500000 0.500000 0.000000 0.000000 0.955819 -0.006137 0.293891 -0.220222 0.014536 0.999546 -0.026403 -0.025538 -0.293596 0.029508 0.955474 1.539423
0.479135 0.851796 0.500000 0.500000 0.000000 0.000000 0.952971 -0.007035 0.302980 -0.216524 0.015648 0.999539 -0.026009 -0.011267 -0.302657 0.029527 0.952642 1.558276
0.479135 0.851796 0.500000 0.500000 0.000000 0.000000 0.951465 -0.007442 0.307668 -0.214925 0.016172 0.999535 -0.025835 -0.003861 -0.307333 0.029557 0.951143 1.566910
0.479135 0.851796 0.500000 0.500000 0.000000 0.000000 0.948365 -0.008160 0.317076 -0.211457 0.017117 0.999529 -0.025473 0.011136 -0.316718 0.029585 0.948058 1.582754
0.479135 0.851796 0.500000 0.500000 0.000000 0.000000 0.945262 -0.008890 0.326190 -0.206312 0.018098 0.999518 -0.025205 0.025217 -0.325809 0.029729 0.944968 1.595381
0.479135 0.851796 0.500000 0.500000 0.000000 0.000000 0.941983 -0.009645 0.335521 -0.200899 0.019081 0.999509 -0.024840 0.039427 -0.335117 0.029801 0.941705 1.605713
0.479135 0.851796 0.500000 0.500000 0.000000 0.000000 0.938726 -0.010132 0.344516 -0.193746 0.019980 0.999487 -0.025046 0.055169 -0.344085 0.030395 0.938446 1.615121
