0.474328 0.843250 0.500000 0.500000 0.000000 0.000000 1.000000 -0.000000 0.000000 0.000000 0.000000 1.000000 0.000000 0.000000 -0.000000 0.000000 1.000000 0.000000
0.474328 0.843250 0.500000 0.500000 0.000000 0.000000 0.999983 0.000274 -0.005820 -0.010876 -0.000278 1.000000 -0.000593 -0.003817 0.005820 0.000595 0.999983 0.040582
0.474328 0.843250 0.500000 0.500000 0.000000 0.000000 0.999926 0.000534 -0.012176 -0.019437 -0.000545 0.999999 -0.000898 -0.008671 0.012176 0.000905 0.999925 0.081364
0.474328 0.843250 0.500000 0.500000 0.000000 0.000000 0.999822 0.000108 -0.018846 -0.028347 -0.000129 0.999999 -0.001076 -0.012120 0.018846 0.001079 0.999822 0.122045
0.474328 0.843250 0.500000 0.500000 0.000000 0.000000 0.999751 0.000015 -0.022334 -0.033046 -0.000036 1.000000 -0.000940 -0.014129 0.022334 0.000940 0.999750 0.143528
0.474328 0.843250 0.500000 0.500000 0.000000 0.000000 0.999575 -0.000153 -0.029159 -0.042116 0.000127 1.000000 -0.000898 -0.018864 0.029159 0.000894 0.999574 0.185059
0.474328 0.843250 0.500000 0.500000 0.000000 0.000000 0.999345 -0.000734 -0.036191 -0.050278 0.000668 0.999998 -0.001843 -0.022280 0.036192 0.001818 0.999343 0.225983
0.474328 0.843250 0.500000 0.500000 0.000000 0.000000 0.999067 -0.000979 -0.043170 -0.058234 0.000874 0.999997 -0.002430 -0.029651 0.043172 0.002390 0.999065 0.266512
0.474328 0.843250 0.500000 0.500000 0.000000 0.000000 0.998729 -0.001345 -0.050375 -0.066190 0.001132 0.999990 -0.004264 -0.033386 0.050381 0.004201 0.998721 0.306336
0.474328 0.843250 0.500000 0.500000 0.000000 0.000000 0.998341 -0.001310 -0.057564 -0.073777 0.000977 0.999983 -0.005825 -0.039559 0.057571 0.005760 0.998325 0.345022
0.474328 0.843250 0.500000 0.500000 0.000000 0.000000 0.997932 -0.000652 -0.064271 -0.081812 0.000184 0.999973 -0.007293 -0.044863 0.064274 0.007266 0.997906 0.383226
0.474328 0.843250 0.500000 0.500000 0.000000 0.000000 0.997438 0.000066 -0.071537 -0.089258 -0.000667 0.999965 -0.008381 -0.048706 0.071534 0.008407 0.997403 0.420917
0.474328 0.843250 0.500000 0.500000 0.000000 0.000000 0.997189 0.000309 -0.074932 -0.094145 -0.000982 0.999960 -0.008935 -0.050036 0.074926 0.008983 0.997149 0.440981
0.474328 0.843250 0.500000 0.500000 0.000000 0.000000 0.996598 0.001350 -0.082401 -0.102035 -0.002121 0.999955 -0.009264 -0.055781 0.082385 0.009408 0.996556 0.479971
0.474328 0.843250 0.500000 0.500000 0.000000 0.000000 0.996011 0.002504 -0.089197 -0.112845 -0.003399 0.999945 -0.009893 -0.061481 0.089167 0.010157 0.995965 0.520078
0.474328 0.843250 0.500000 0.500000 0.000000 0.000000 0.995354 0.003582 -0.096218 -0.123308 -0.004788 0.999913 -0.012308 -0.063034 0.096165 0.012711 0.995284 0.560508
0.474328 0.843250 0.500000 0.500000 0.000000 0.000000 0.994614 0.004645 -0.103543 -0.132509 -0.006053 0.999893 -0.013284 -0.070962 0.103470 0.013840 0.994536 0.602346
0.474328 0.843250 0.500000 0.500000 0.000000 0.000000 0.993914 0.006202 -0.109981 -0.144892 -0.007918 0.999853 -0.015177 -0.077985 0.109870 0.015956 0.993818 0.643666
0.474328 0.843250 0.500000 0.500000 0.000000 0.000000 0.993085 0.007922 -0.117127 -0.155186 -0.009972 0.999807 -0.016923 -0.087038 0.116970 0.017974 0.992973 0.684931
0.474328 0.843250 0.500000 0.500000 0.000000 0.000000 0.992204 0.009800 -0.124242 -0.164305 -0.012255 0.999744 -0.019011 -0.095056 0.124024 0.020385 0.992070 0.724264
0.474328 0.843250 0.500000 0.500000 0.000000 0.000000 0.991732 0.010834 -0.127867 -0.169222 -0.013491 0.999710 -0.019930 -0.098860 0.127614 0.021490 0.991591 0.742714
0.474328 0.843250 0.500000 0.500000 0.000000 0.000000 0.990685 0.012564 -0.135592 -0.180059 -0.015629 0.999645 -0.021563 -0.104111 0.135273 0.023481 0.990530 0.780910
0.474328 0.843250 0.500000 0.500000 0.000000 0.000000 0.989349 0.013878 -0.144900 -0.188385 -0.017309 0.999598 -0.022451 -0.109013 0.144530 0.024720 0.989192 0.818593
0.474328 0.843250 0.500000 0.500000 0.000000 0.000000 0.987884 0.015008 -0.154467 -0.196309 -0.018861 0.999546 -0.023508 -0.113338 0.154044 0.026137 0.987718 0.857002
0.474328 0.843250 0.500000 0.500000 0.000000 0.000000 0.986414 0.016079 -0.163488 -0.203636 -0.020370 0.999490 -0.024603 -0.118104 0.163009 0.027599 0.986239 0.895057
0.474328 0.843250 0.500000 0.500000 0.000000 0.000000 0.984840 0.017126 -0.172617 -0.210246 -0.021903 0.999427 -0.025806 -0.123364 0.172076 0.029195 0.984651 0.933214
0.474328 0.843250 0.500000 0.500000 0.000000 0.000000 0.983147 0.018235 -0.181906 -0.216250 -0.023596 0.999347 -0.027356 -0.127467 0.181289 0.031187 0.982935 0.973157
0.474328 0.843250 0.500000 0.500000 0.000000 0.000000 0.981386 0.019164 -0.191088 -0.223159 -0.025060 0.999280 -0.028487 -0.132498 0.190404 0.032746 0.981160 1.012769
0.474328 0.843250 0.500000 0.500000 0.000000 0.000000 0.980324 0.019446 -0.196433 -0.225475 -0.025616 0.999254 -0.028918 -0.135483 0.195724 0.033381 0.980091 1.032790
0.474328 0.843250 0.500000 0.500000 0.000000 0.000000 0.978132 0.019942 -0.207028 -0.231276 -0.026722 0.999193 -0.030004 -0.140903 0.206263 0.034880 0.977875 1.072695
0.474328 0.843250 0.500000 0.500000 0.000000 0.000000 0.975769 0.020721 -0.217822 -0.236454 -0.028211 0.999111 -0.031330 -0.146610 0.216979 0.036716 0.975486 1.111645
0.474328 0.843250 0.500000 0.500000 0.000000 0.000000 0.973231 0.021154 -0.228853 -0.240282 -0.029603 0.998998 -0.033552 -0.150778 0.227914 0.039429 0.972883 1.149310
0.474328 0.843250 0.500000 0.500000 0.000000 0.000000 0.970598 0.021509 -0.239745 -0.243270 -0.030956 0.998883 -0.035710 -0.155488 0.238709 0.042082 0.970179 1.184824
0.474328 0.843250 0.500000 0.500000 0.000000 0.000000 0.967855 0.021903 -0.250552 -0.245002 -0.032389 0.998760 -0.037807 -0.159955 0.249414 0.044707 0.967365 1.219566
0.474328 0.843250 0.500000 0.500000 0.000000 0.000000 0.965093 0.021967 -0.260986 -0.246690 -0.033300 0.998681 -0.039080 -0.163435 0.259783 0.046407 0.964551 1.254090
0.474328 0.843250 0.500000 0.500000 0.000000 0.000000 0.962360 0.021377 -0.270938 -0.248889 -0.033284 0.998668 -0.039429 -0.166546 0.269734 0.046962 0.961789 1.288966
0.474328 0.843250 0.500000 0.500000 0.000000 0.000000 0.960998 0.020914 -0.275764 -0.250165 -0.033079 0.998671 -0.039533 -0.167941 0.274571 0.047113 0.960412 1.306411
0.474328 0.843250 0.500000 0.500000 0.000000 0.000000 0.958197 0.020245 -0.285391 -0.252838 -0.032770 0.998695 -0.039181 -0.172319 0.284226 0.046895 0.957610 1.343018
0.474328 0.843250 0.500000 0.500000 0.000000 0.000000 0.955430 0.019858 -0.294548 -0.257970 -0.033016 0.998663 -0.039769 -0.175176 0.293364 0.047721 0.954809 1.380689
0.474328 0.843250 0.500000 0.500000 0.000000 0.000000 0.952584 0.019546 -0.303647 -0.263939 -0.033208 0.998652 -0.039894 -0.180444 0.302458 0.048085 0.951949 1.419289
0.474328 0.843250 0.500000 0.500000 0.000000 0.000000 0.949803 0.019950 -0.312213 -0.271473 -0.034074 0.998625 -0.039848 -0.187992 0.310989 0.048486 0.949176 1.456800
0.474328 0.843250 0.500000 0.500000 0.000000 0.000000 0.946814 0.020163 -0.321148 -0.278371 -0.034912 0.998580 -0.040232 -0.195439 0.319881 0.049304 0.946174 1.494038
0.474328 0.843250 0.500000 0.500000 0.000000 0.000000 0.943923 0.020716 -0.329516 -0.286073 -0.036195 0.998507 -0.040909 -0.202381 0.328177 0.050541 0.943263 1.529263
0.474328 0.843250 0.500000 0.500000 0.000000 0.000000 0.940929 0.020827 -0.337962 -0.292081 -0.037339 0.998401 -0.042431 -0.207094 0.336538 0.052544 0.940203 1.563252
0.474328 0.843250 0.500000 0.500000 0.000000 0.000000 0.939401 0.020845 -0.342187 -0.294775 -0.037899 0.998346 -0.043226 -0.209022 0.340720 0.053575 0.938637 1.579924
0.474328 0.843250 0.500000 0.500000 0.000000 0.000000 0.936352 0.021441 -0.350407 -0.300334 -0.039546 0.998222 -0.044593 -0.212743 0.348828 0.055612 0.935535 1.612898
0.474328 0.843250 0.500000 0.500000 0.000000 0.000000 0.933391 0.021923 -0.358190 -0.304990 -0.040857 0.998134 -0.045376 -0.216936 0.356527 0.056988 0.932545 1.645313
0.474328 0.843250 0.500000 0.500000 0.000000 0.000000 0.930548 0.021771 -0.365521 -0.311132 -0.041592 0.998055 -0.046441 -0.219298 0.363799 0.058419 0.929644 1.678555
0.474328 0.843250 0.500000 0.500000 0.000000 0.000000 0.927420 0.021146 -0.373423 -0.315755 -0.041579 0.998041 -0.046746 -0.223595 0.371703 0.058879 0.926483 1.711262
