0.484271 0.860926 0.500000 0.500000 0.000000 0.000000 1.000000 0.000000 -0.000000 0.000000 -0.000000 1.000000 0.000000 -0.000000 -0.000000 -0.000000 1.000000 -0.000000
0.484271 0.860926 0.500000 0.500000 0.000000 0.000000 0.999985 0.000330 -0.005409 0.000656 -0.000329 1.000000 0.000158 -0.000149 0.005409 -0.000156 0.999985 -0.006829
0.484271 0.860926 0.500000 0.500000 0.000000 0.000000 0.999941 0.000838 -0.010843 0.001956 -0.000836 1.000000 0.000164 0.000236 0.010844 -0.000155 0.999941 -0.013323
0.484271 0.860926 0.500000 0.500000 0.000000 0.000000 0.999864 0.001295 -0.016443 0.002872 -0.001291 0.999999 0.000237 0.000231 0.016443 -0.000216 0.999865 -0.019596
0.484271 0.860926 0.500000 0.500000 0.000000 0.000000 0.999813 0.001580 -0.019284 0.003783 -0.001575 0.999999 0.000225 0.000377 0.019284 -0.000195 0.999814 -0.022641
0.484271 0.860926 0.500000 0.500000 0.000000 0.000000 0.999689 0.002138 -0.024837 0.004775 -0.002133 0.999998 0.000217 0.000684 0.024837 -0.000164 0.999691 -0.029130
0.484271 0.860926 0.500000 0.500000 0.000000 0.000000 0.999533 0.002591 -0.030444 0.005806 -0.002582 0.999997 0.000330 0.000845 0.030445 -0.000251 0.999536 -0.035927
0.484271 0.860926 0.500000 0.500000 0.000000 0.000000 0.999344 0.003030 -0.036081 0.006767 -0.003015 0.999995 0.000466 0.000740 0.036082 -0.000357 0.999349 -0.042292
0.484271 0.860926 0.500000 0.500000 0.000000 0.000000 0.999126 0.003447 -0.041650 0.007893 -0.003427 0.999994 0.000554 0.000947 0.041651 -0.000411 0.999132 -0.048768
0.484271 0.860926 0.500000 0.500000 0.000000 0.000000 0.998871 0.003943 -0.047345 0.009014 -0.003921 0.999992 0.000554 0.001219 0.047347 -0.000368 0.998878 -0.054999
0.484271 0.860926 0.500000 0.500000 0.000000 0.000000 0.998594 0.004469 -0.052826 0.009600 -0.004441 0.999990 0.000647 0.001250 0.052828 -0.000411 0.998604 -0.062316
0.484271 0.860926 0.500000 0.500000 0.000000 0.000000 0.998273 0.005056 -0.058531 0.011051 -0.005023 0.999987 0.000721 0.001533 0.058534 -0.000426 0.998285 -0.068586
0.484271 0.860926 0.500000 0.500000 0.000000 0.000000 0.998109 0.005315 -0.061242 0.011538 -0.005280 0.999986 0.000724 0.001383 0.061245 -0.000400 0.998123 -0.071648
0.484271 0.860926 0.500000 0.500000 0.000000 0.000000 0.997744 0.005773 -0.066882 0.012501 -0.005729 0.999983 0.000850 0.001555 0.066886 -0.000465 0.997761 -0.078355
0.484271 0.860926 0.500000 0.500000 0.000000 0.000000 0.997345 0.006203 -0.072562 0.013411 -0.006146 0.999981 0.001009 0.001468 0.072567 -0.000561 0.997363 -0.084935
0.484271 0.860926 0.500000 0.500000 0.000000 0.000000 0.996910 0.006729 -0.078270 0.014465 -0.006670 0.999977 0.001024 0.001957 0.078275 -0.000499 0.996932 -0.091476
0.484271 0.860926 0.500000 0.500000 0.000000 0.000000 0.996448 0.007355 -0.083887 0.014931 -0.007287 0.999973 0.001123 0.002230 0.083893 -0.000508 0.996475 -0.098135
0.484271 0.860926 0.500000 0.500000 0.000000 0.000000 0.995944 0.007753 -0.089637 0.015976 -0.007668 0.999970 0.001289 0.002097 0.089644 -0.000596 0.995974 -0.104276
0.484271 0.860926 0.500000 0.500000 0.000000 0.000000 0.995416 0.008438 -0.095270 0.016789 -0.008345 0.999964 0.001371 0.002357 0.095278 -0.000570 0.995450 -0.110929
0.484271 0.860926 0.500000 0.500000 0.000000 0.000000 0.994857 0.008791 -0.100909 0.017506 -0.008672 0.999961 0.001620 0.002163 0.100919 -0.000736 0.994894 -0.117502
0.484271 0.860926 0.500000 0.500000 0.000000 0.000000 0.994553 0.009200 -0.103830 0.018042 -0.009082 0.999957 0.001612 0.002439 0.103840 -0.000660 0.994594 -0.120973
0.484271 0.860926 0.500000 0.500000 0.000000 0.000000 0.993951 0.009666 -0.109400 0.019008 -0.009528 0.999953 0.001781 0.002477 0.109412 -0.000728 0.993996 -0.127339
0.484271 0.860926 0.500000 0.500000 0.000000 0.000000 0.993317 0.010153 -0.114969 0.020210 -0.009992 0.999948 0.001981 0.002454 0.114983 -0.000819 0.993367 -0.134286
0.484271 0.860926 0.500000 0.500000 0.000000 0.000000 0.992685 0.010599 -0.120265 0.020847 -0.010419 0.999943 0.002128 0.002429 0.120281 -0.000859 0.992740 -0.140898
0.484271 0.860926 0.500000 0.500000 0.000000 0.000000 0.991991 0.011158 -0.125815 0.022155 -0.010960 0.999937 0.002263 0.002615 0.125832 -0.000866 0.992051 -0.147497
0.484271 0.860926 0.500000 0.500000 0.000000 0.000000 0.991296 0.011614 -0.131138 0.022814 -0.011401 0.999932 0.002372 0.002912 0.131157 -0.000856 0.991361 -0.154554
0.484271 0.860926 0.500000 0.500000 0.000000 0.000000 0.990568 0.012264 -0.136475 0.023808 -0.012032 0.999924 0.002523 0.002887 0.136496 -0.000857 0.990640 -0.161414
0.484271 0.860926 0.500000 0.500000 0.000000 0.000000 0.989799 0.012753 -0.141901 0.025038 -0.012509 0.999918 0.002615 0.003321 0.141923 -0.000813 0.989877 -0.168118
0.484271 0.860926 0.500000 0.500000 0.000000 0.000000 0.989418 0.012897 -0.144520 0.025519 -0.012635 0.999916 0.002730 0.003340 0.144543 -0.000875 0.989498 -0.171500
0.484271 0.860926 0.500000 0.500000 0.000000 0.000000 0.988626 0.013481 -0.149792 0.026145 -0.013213 0.999909 0.002780 0.003754 0.149815 -0.000769 0.988714 -0.178699
0.484271 0.860926 0.500000 0.500000 0.000000 0.000000 0.987796 0.013826 -0.155140 0.026998 -0.013520 0.999904 0.003027 0.003521 0.155167 -0.000893 0.987888 -0.185325
0.484271 0.860926 0.500000 0.500000 0.000000 0.000000 0.986932 0.014308 -0.160503 0.028147 -0.013962 0.999897 0.003282 0.003311 0.160534 -0.000998 0.987030 -0.191993
0.484271 0.860926 0.500000 0.500000 0.000000 0.000000 0.986051 0.014672 -0.165797 0.028976 -0.014306 0.999892 0.003396 0.003522 0.165829 -0.000977 0.986154 -0.198723
0.484271 0.860926 0.500000 0.500000 0.000000 0.000000 0.985133 0.015068 -0.171129 0.030233 -0.014662 0.999886 0.003636 0.003593 0.171164 -0.001073 0.985242 -0.205194
0.484271 0.860926 0.500000 0.500000 0.000000 0.000000 0.984187 0.015542 -0.176449 0.031151 -0.015120 0.999879 0.003733 0.003879 0.176486 -0.001006 0.984303 -0.211897
0.484271 0.860926 0.500000 0.500000 0.000000 0.000000 0.983218 0.016069 -0.181727 0.032090 -0.015619 0.999870 0.003906 0.003958 0.181766 -0.001002 0.983341 -0.218536
0.484271 0.860926 0.500000 0.500000 0.000000 0.000000 0.982708 0.016351 -0.184438 0.032784 -0.015887 0.999866 0.003994 0.003882 0.184479 -0.000994 0.982836 -0.221906
0.484271 0.860926 0.500000 0.500000 0.000000 0.000000 0.981673 0.016666 -0.189841 0.034037 -0.016181 0.999861 0.004107 0.004143 0.189883 -0.000960 0.981806 -0.228517
0.484271 0.860926 0.500000 0.500000 0.000000 0.000000 0.980591 0.017226 -0.195305 0.035374 -0.016708 0.999851 0.004299 0.004190 0.195350 -0.000952 0.980733 -0.235325
0.484271 0.860926 0.500000 0.500000 0.000000 0.000000 0.979514 0.017622 -0.200603 0.036209 -0.017069 0.999844 0.004485 0.004334 0.200651 -0.000969 0.979662 -0.241731
0.484271 0.860926 0.500000 0.500000 0.000000 0.000000 0.978373 0.018206 -0.206046 0.037437 -0.017623 0.999834 0.004666 0.004522 0.206096 -0.000934 0.978531 -0.248238
0.484271 0.860926 0.500000 0.500000 0.000000 0.000000 0.977211 0.018532 -0.211459 0.037885 -0.017927 0.999828 0.004778 0.004847 0.211511 -0.000879 0.977375 -0.255142
0.484271 0.860926 0.500000 0.500000 0.000000 0.000000 0.976012 0.019050 -0.216884 0.039135 -0.018408 0.999818 0.004982 0.004922 0.216939 -0.000870 0.976185 -0.261305
0.484271 0.860926 0.500000 0.500000 0.000000 0.000000 0.974789 0.019679 -0.222261 0.039791 -0.019036 0.999806 0.005032 0.005336 0.222317 -0.000674 0.974974 -0.268106
0.484271 0.860926 0.500000 0.500000 0.000000 0.000000 0.974151 0.019788 -0.225030 0.040594 -0.019098 0.999804 0.005244 0.005056 0.225090 -0.000811 0.974338 -0.271040
0.484271 0.860926 0.500000 0.500000 0.000000 0.000000 0.972891 0.020362 -0.230367 0.041332 -0.019663 0.999792 0.005330 0.005537 0.230428 -0.000655 0.973089 -0.277575
0.484271 0.860926 0.500000 0.500000 0.000000 0.000000 0.971580 0.020817 -0.235793 0.042519 -0.020072 0.999783 0.005560 0.005671 0.235857 -0.000669 0.971787 -0.283897
0.484271 0.860926 0.500000 0.500000 0.000000 0.000000 0.970239 0.021250 -0.241215 0.043585 -0.020484 0.999774 0.005686 0.005986 0.241281 -0.000575 0.970455 -0.290670
0.484271 0.860926 0.500000 0.500000 0.000000 0.000000 0.968914 0.021827 -0.246432 0.043821 -0.021013 0.999762 0.005934 0.005978 0.246503 -0.000572 0.969142 -0.297111
