0.497319 0.884124 0.500000 0.500000 0.000000 0.000000 1.000000 0.000000 -0.000000 0.000000 0.000000 1.000000 -0.000000 0.000000 -0.000000 -0.000000 1.000000 0.000000
0.497319 0.884124 0.500000 0.500000 0.000000 0.000000 0.999897 0.002324 -0.014159 0.026021 -0.002323 0.999997 0.000138 -0.009400 0.014159 -0.000105 0.999900 0.059376
0.497319 0.884124 0.500000 0.500000 0.000000 0.000000 0.999532 0.004330 -0.030279 0.051997 -0.004340 0.999991 -0.000262 -0.021375 0.030278 0.000393 0.999541 0.123797
0.497319 0.884124 0.500000 0.500000 0.000000 0.000000 0.998814 0.006311 -0.048278 0.079519 -0.006329 0.999980 -0.000216 -0.033931 0.048276 0.000521 0.998834 0.193079
0.497319 0.884124 0.500000 0.500000 0.000000 0.000000 0.998386 0.007339 -0.056308 0.092190 -0.007353 0.999973 -0.000052 -0.039643 0.056306 0.000466 0.998413 0.226595
0.497319 0.884124 0.500000 0.500000 0.000000 0.000000 0.997311 0.008934 -0.072745 0.118203 -0.008985 0.999960 -0.000374 -0.049467 0.072739 0.001027 0.997350 0.293440
0.497319 0.884124 0.500000 0.500000 0.000000 0.000000 0.995958 0.010773 -0.089176 0.144259 -0.010822 0.999941 -0.000068 -0.057259 0.089170 0.001033 0.996016 0.362029
0.497319 0.884124 0.500000 0.500000 0.000000 0.000000 0.994296 0.012484 -0.105923 0.171418 -0.012573 0.999921 -0.000173 -0.062901 0.105913 0.001504 0.994374 0.434094
0.497319 0.884124 0.500000 0.500000 0.000000 0.000000 0.992399 0.014137 -0.122246 0.199304 -0.014232 0.999899 0.000092 -0.066528 0.122235 0.001649 0.992500 0.509865
0.497319 0.884124 0.500000 0.500000 0.000000 0.000000 0.990195 0.015604 -0.138815 0.227993 -0.015724 0.999876 0.000238 -0.070378 0.138802 0.001947 0.990318 0.588065
0.497319 0.884124 0.500000 0.500000 0.000000 0.000000 0.987766 0.017325 -0.154978 0.256049 -0.017414 0.999848 0.000784 -0.076363 0.154968 0.001924 0.987918 0.666504
0.497319 0.884124 0.500000 0.500000 0.000000 0.000000 0.984948 0.019131 -0.171791 0.282590 -0.019201 0.999815 0.001252 -0.085113 0.171783 0.002066 0.985133 0.744662
0.497319 0.884124 0.500000 0.500000 0.000000 0.000000 0.983436 0.020091 -0.180137 0.295254 -0.020143 0.999796 0.001543 -0.090415 0.180131 0.002111 0.983640 0.783141
0.497319 0.884124 0.500000 0.500000 0.000000 0.000000 0.980066 0.021941 -0.197457 0.321437 -0.021962 0.999757 0.002084 -0.100742 0.197455 0.002295 0.980309 0.859164
0.497319 0.884124 0.500000 0.500000 0.000000 0.000000 0.976519 0.023850 -0.214108 0.347346 -0.023868 0.999712 0.002500 -0.110018 0.214106 0.002669 0.976807 0.933428
0.497319 0.884124 0.500000 0.500000 0.000000 0.000000 0.972594 0.025588 -0.231096 0.374147 -0.025634 0.999667 0.002808 -0.119008 0.231091 0.003193 0.972927 1.006998
0.497319 0.884124 0.500000 0.500000 0.000000 0.000000 0.968557 0.027407 -0.247277 0.399689 -0.027425 0.999618 0.003369 -0.127224 0.247275 0.003519 0.968939 1.080326
0.497319 0.884124 0.500000 0.500000 0.000000 0.000000 0.964121 0.029075 -0.263867 0.424254 -0.029134 0.999569 0.003690 -0.135122 0.263860 0.004130 0.964552 1.151247
0.497319 0.884124 0.500000 0.500000 0.000000 0.000000 0.959633 0.030781 -0.279567 0.446264 -0.030806 0.999516 0.004303 -0.142286 0.279564 0.004483 0.960117 1.216115
0.497319 0.884124 0.500000 0.500000 0.000000 0.000000 0.954751 0.032547 -0.295619 0.466625 -0.032607 0.999457 0.004728 -0.148820 0.295612 0.005126 0.955294 1.277755
0.497319 0.884124 0.500000 0.500000 0.000000 0.000000 0.952193 0.033358 -0.303671 0.476423 -0.033447 0.999428 0.004909 -0.151214 0.303661 0.005482 0.952764 1.308142
0.497319 0.884124 0.500000 0.500000 0.000000 0.000000 0.946711 0.035018 -0.320176 0.497445 -0.035103 0.999368 0.005509 -0.154191 0.320167 0.006023 0.947342 1.370851
0.497319 0.884124 0.500000 0.500000 0.000000 0.000000 0.941068 0.036618 -0.336230 0.518821 -0.036714 0.999307 0.006073 -0.155649 0.336219 0.006629 0.941760 1.434526
0.497319 0.884124 0.500000 0.500000 0.000000 0.000000 0.935004 0.038245 -0.352568 0.542762 -0.038404 0.999241 0.006547 -0.155317 0.352551 0.007419 0.935763 1.499789
0.497319 0.884124 0.500000 0.500000 0.000000 0.000000 0.928313 0.039847 -0.369658 0.568687 -0.039989 0.999174 0.007282 -0.154440 0.369643 0.008023 0.929139 1.564249
0.497319 0.884124 0.500000 0.500000 0.000000 0.000000 0.920977 0.041568 -0.387394 0.595933 -0.041788 0.999096 0.007859 -0.153736 0.387370 0.008951 0.921881 1.629508
0.497319 0.884124 0.500000 0.500000 0.000000 0.000000 0.912836 0.043256 -0.406029 0.625278 -0.043677 0.999012 0.008234 -0.152654 0.405984 0.010217 0.913823 1.698288
0.497319 0.884124 0.500000 0.500000 0.000000 0.000000 0.903990 0.045021 -0.425176 0.657225 -0.045464 0.998924 0.009111 -0.151581 0.425129 0.011094 0.905065 1.770352
0.497319 0.884124 0.500000 0.500000 0.000000 0.000000 0.899223 0.045919 -0.435074 0.673571 -0.046417 0.998877 0.009487 -0.151491 0.435021 0.011664 0.900345 1.807215
0.497319 0.884124 0.500000 0.500000 0.000000 0.000000 0.888747 0.047817 -0.455898 0.709352 -0.048434 0.998773 0.010336 -0.155933 0.455832 0.012895 0.889972 1.878813
0.497319 0.884124 0.500000 0.500000 0.000000 0.000000 0.876771 0.050338 -0.478267 0.752175 -0.050939 0.998633 0.011724 -0.162468 0.478203 0.014083 0.878136 1.951436
0.497319 0.884124 0.500000 0.500000 0.000000 0.000000 0.864520 0.051994 -0.499902 0.799755 -0.052692 0.998530 0.012730 -0.168717 0.499828 0.015335 0.865989 2.027966
0.497319 0.884124 0.500000 0.500000 0.000000 0.000000 0.850998 0.053820 -0.522404 0.845949 -0.054815 0.998404 0.013566 -0.176977 0.522300 0.017091 0.852590 2.104931
0.497319 0.884124 0.500000 0.500000 0.000000 0.000000 0.836391 0.056476 -0.545216 0.889401 -0.057450 0.998232 0.015270 -0.186996 0.545115 0.018551 0.838156 2.179345
0.497319 0.884124 0.500000 0.500000 0.000000 0.000000 0.820821 0.058387 -0.568194 0.928250 -0.059734 0.998082 0.016269 -0.197658 0.568054 0.020587 0.822734 2.250248
0.497319 0.884124 0.500000 0.500000 0.000000 0.000000 0.805151 0.060955 -0.589929 0.958668 -0.062284 0.997894 0.018102 -0.204944 0.589790 0.022168 0.807252 2.316562
0.497319 0.884124 0.500000 0.500000 0.000000 0.000000 0.796637 0.062198 -0.601250 0.973154 -0.063559 0.997797 0.019006 -0.208209 0.601107 0.023074 0.798835 2.351170
0.497319 0.884124 0.500000 0.500000 0.000000 0.000000 0.779352 0.064198 -0.623289 0.998340 -0.065969 0.997616 0.020266 -0.211364 0.623104 0.025323 0.781729 2.420085
0.497319 0.884124 0.500000 0.500000 0.000000 0.000000 0.761591 0.066956 -0.644590 1.019801 -0.068387 0.997398 0.022804 -0.211089 0.644439 0.026714 0.764189 2.488975
0.497319 0.884124 0.500000 0.500000 0.000000 0.000000 0.743650 0.069371 -0.664960 1.039719 -0.070761 0.997183 0.024895 -0.209020 0.664814 0.028540 0.746464 2.557999
0.497319 0.884124 0.500000 0.500000 0.000000 0.000000 0.725058 0.071800 -0.684935 1.059024 -0.073093 0.996956 0.027133 -0.206816 0.684798 0.030391 0.728099 2.628687
0.497319 0.884124 0.500000 0.500000 0.000000 0.000000 0.706432 0.074370 -0.703863 1.075163 -0.075529 0.996707 0.029507 -0.205321 0.703740 0.032317 0.709722 2.703440
0.497319 0.884124 0.500000 0.500000 0.000000 0.000000 0.687673 0.076240 -0.722006 1.085937 -0.077715 0.996487 0.031204 -0.206246 0.721849 0.034652 0.691182 2.780448
0.497319 0.884124 0.500000 0.500000 0.000000 0.000000 0.668181 0.078386 -0.739858 1.093372 -0.079660 0.996255 0.033608 -0.210897 0.739722 0.036481 0.671923 2.857585
0.497319 0.884124 0.500000 0.500000 0.000000 0.000000 0.658419 0.079464 -0.748445 1.096167 -0.080635 0.996135 0.034826 -0.214928 0.748319 0.037421 0.662282 2.895822
0.497319 0.884124 0.500000 0.500000 0.000000 0.000000 0.637973 0.081084 -0.765778 1.103610 -0.082358 0.995922 0.036840 -0.225527 0.765642 0.039565 0.642049 2.969662
0.497319 0.884124 0.500000 0.500000 0.000000 0.000000 0.617274 0.083415 -0.782314 1.112704 -0.084269 0.995653 0.039672 -0.237335 0.782222 0.041436 0.621620 3.043346
0.497319 0.884124 0.500000 0.500000 0.000000 0.000000 0.596393 0.085307 -0.798146 1.119668 -0.086233 0.995391 0.041953 -0.248458 0.798047 0.043806 0.601001 3.116273
0.497319 0.884124 0.500000 0.500000 0.000000 0.000000 0.574961 0.086951 -0.813547 1.123553 -0.087938 0.995144 0.044211 -0.258951 0.813441 0.046123 0.579816 3.185046
