0.480777 0.854715 0.500000 0.500000 0.000000 0.000000 1.000000 0.000000 -0.000000 0.000000 0.000000 1.000000 -0.000000 0.000000 0.000000 -0.000000 1.000000 0.000000
0.480777 0.854715 0.500000 0.500000 0.000000 0.000000 1.000000 0.000192 0.000330 -0.011279 -0.000192 1.000000 -0.000687 -0.002436 -0.000330 0.000687 1.000000 0.027542
0.480777 0.854715 0.500000 0.500000 0.000000 0.000000 1.000000 0.000374 0.000662 -0.023512 -0.000374 0.999999 -0.001064 -0.004608 -0.000662 0.001063 0.999999 0.055032
0.480777 0.854715 0.500000 0.500000 0.000000 0.000000 1.000000 0.000515 0.000772 -0.036727 -0.000514 0.999999 -0.001358 -0.007364 -0.000773 0.001358 0.999999 0.083311
0.480777 0.854715 0.500000 0.500000 0.000000 0.000000 1.000000 0.000498 0.000529 -0.042916 -0.000497 0.999999 -0.001550 -0.008861 -0.000529 0.001550 0.999999 0.097641
0.480777 0.854715 0.500000 0.500000 0.000000 0.000000 1.000000 0.000672 0.000480 -0.055582 -0.000671 0.999997 -0.002302 -0.012520 -0.000482 0.002302 0.999997 0.126017
0.480777 0.854715 0.500000 0.500000 0.000000 0.000000 0.999999 0.001042 0.000645 -0.067724 -0.001040 0.999996 -0.002650 -0.016048 -0.000648 0.002649 0.999996 0.154257
0.480777 0.854715 0.500000 0.500000 0.000000 0.000000 0.999998 0.001237 0.001382 -0.081251 -0.001232 0.999993 -0.003442 -0.019737 -0.001386 0.003440 0.999993 0.181957
0.480777 0.854715 0.500000 0.500000 0.000000 0.000000 0.999999 0.001009 0.001147 -0.094230 -0.001005 0.999992 -0.003810 -0.023564 -0.001151 0.003809 0.999992 0.209621
0.480777 0.854715 0.500000 0.500000 0.000000 0.000000 0.999999 0.000963 0.000640 -0.106398 -0.000960 0.999989 -0.004538 -0.026456 -0.000645 0.004537 0.999989 0.236803
0.480777 0.854715 0.500000 0.500000 0.000000 0.000000 0.999999 0.000952 0.000592 -0.118676 -0.000949 0.999986 -0.005302 -0.028627 -0.000597 0.005301 0.999986 0.263776
0.480777 0.854715 0.500000 0.500000 0.000000 0.000000 0.999999 0.001154 0.000838 -0.130387 -0.001149 0.999981 -0.005999 -0.029535 -0.000845 0.005998 0.999982 0.290513
0.480777 0.854715 0.500000 0.500000 0.000000 0.000000 0.999999 0.001132 0.000950 -0.136268 -0.001126 0.999980 -0.006220 -0.029935 -0.000957 0.006218 0.999980 0.303972
0.480777 0.854715 0.500000 0.500000 0.000000 0.000000 0.999998 0.001353 0.001183 -0.147770 -0.001344 0.999975 -0.006901 -0.029901 -0.001192 0.006899 0.999976 0.331031
0.480777 0.854715 0.500000 0.500000 0.000000 0.000000 0.999997 0.001618 0.001631 -0.159771 -0.001606 0.999973 -0.007207 -0.030368 -0.001643 0.007204 0.999973 0.358456
0.480777 0.854715 0.500000 0.500000 0.000000 0.000000 0.999997 0.001698 0.001614 -0.173370 -0.001685 0.999967 -0.007974 -0.030846 -0.001628 0.007971 0.999967 0.386855
0.480777 0.854715 0.500000 0.500000 0.000000 0.000000 0.999997 0.001924 0.001180 -0.184553 -0.001915 0.999966 -0.008027 -0.032693 -0.001195 0.008025 0.999967 0.415576
0.480777 0.854715 0.500000 0.500000 0.000000 0.000000 0.999996 0.001827 0.002023 -0.197701 -0.001809 0.999959 -0.008892 -0.035309 -0.002039 0.008888 0.999958 0.444552
0.480777 0.854715 0.500000 0.500000 0.000000 0.000000 0.999997 0.001721 0.001546 -0.208412 -0.001706 0.999956 -0.009274 -0.039185 -0.001562 0.009271 0.999956 0.473935
0.480777 0.854715 0.500000 0.500000 0.000000 0.000000 0.999994 0.001958 0.002831 -0.221277 -0.001930 0.999949 -0.009917 -0.042569 -0.002850 0.009911 0.999947 0.502434
0.480777 0.854715 0.500000 0.500000 0.000000 0.000000 0.999993 0.002023 0.003015 -0.227225 -0.001992 0.999946 -0.010231 -0.044746 -0.003035 0.010225 0.999943 0.516686
0.480777 0.854715 0.500000 0.500000 0.000000 0.000000 0.999990 0.002099 0.004006 -0.239450 -0.002055 0.999937 -0.011002 -0.047904 -0.004029 0.010994 0.999931 0.544149
0.480777 0.854715 0.500000 0.500000 0.000000 0.000000 0.999987 0.002081 0.004633 -0.252782 -0.002027 0.999930 -0.011660 -0.051359 -0.004657 0.011650 0.999921 0.571882
0.480777 0.854715 0.500000 0.500000 0.000000 0.000000 0.999984 0.002263 0.005167 -0.265025 -0.002200 0.999923 -0.012254 -0.054227 -0.005195 0.012242 0.999912 0.599599
0.480777 0.854715 0.500000 0.500000 0.000000 0.000000 0.999976 0.002285 0.006585 -0.278309 -0.002202 0.999918 -0.012623 -0.057211 -0.006614 0.012608 0.999899 0.627726
0.480777 0.854715 0.500000 0.500000 0.000000 0.000000 0.999971 0.002076 0.007380 -0.291958 -0.001976 0.999906 -0.013604 -0.060015 -0.007407 0.013589 0.999880 0.656224
0.480777 0.854715 0.500000 0.500000 0.000000 0.000000 0.999963 0.001895 0.008342 -0.305551 -0.001780 0.999902 -0.013863 -0.063016 -0.008368 0.013847 0.999869 0.684694
0.480777 0.854715 0.500000 0.500000 0.000000 0.000000 0.999963 0.001904 0.008385 -0.318687 -0.001779 0.999889 -0.014781 -0.066332 -0.008412 0.014766 0.999856 0.712869
0.480777 0.854715 0.500000 0.500000 0.000000 0.000000 0.999961 0.001944 0.008578 -0.324241 -0.001815 0.999886 -0.015009 -0.068283 -0.008606 0.014993 0.999851 0.726721
0.480777 0.854715 0.500000 0.500000 0.000000 0.000000 0.999940 0.001978 0.010772 -0.335769 -0.001806 0.999871 -0.015973 -0.072369 -0.010802 0.015952 0.999814 0.754293
0.480777 0.854715 0.500000 0.500000 0.000000 0.000000 0.999921 0.001622 0.012440 -0.349131 -0.001415 0.999861 -0.016619 -0.076440 -0.012465 0.016600 0.999785 0.781228
0.480777 0.854715 0.500000 0.500000 0.000000 0.000000 0.999906 0.001571 0.013630 -0.360545 -0.001331 0.999844 -0.017622 -0.079349 -0.013655 0.017603 0.999752 0.808080
0.480777 0.854715 0.500000 0.500000 0.000000 0.000000 0.999891 0.001443 0.014692 -0.372093 -0.001171 0.999828 -0.018526 -0.082157 -0.014716 0.018507 0.999720 0.834599
0.480777 0.854715 0.500000 0.500000 0.000000 0.000000 0.999862 0.001325 0.016570 -0.382348 -0.001003 0.999811 -0.019398 -0.083474 -0.016593 0.019378 0.999675 0.860887
0.480777 0.854715 0.500000 0.500000 0.000000 0.000000 0.999831 0.001175 0.018352 -0.393599 -0.000802 0.999793 -0.020313 -0.084294 -0.018372 0.020295 0.999625 0.887115
0.480777 0.854715 0.500000 0.500000 0.000000 0.000000 0.999796 0.001132 0.020183 -0.404349 -0.000712 0.999783 -0.020814 -0.084635 -0.020202 0.020795 0.999580 0.914220
0.480777 0.854715 0.500000 0.500000 0.000000 0.000000 0.999777 0.001123 0.021075 -0.409107 -0.000682 0.999781 -0.020918 -0.084869 -0.021094 0.020899 0.999559 0.927905
0.480777 0.854715 0.500000 0.500000 0.000000 0.000000 0.999730 0.001012 0.023207 -0.420579 -0.000518 0.999774 -0.021275 -0.085700 -0.023223 0.021258 0.999504 0.956024
0.480777 0.854715 0.500000 0.500000 0.000000 0.000000 0.999702 0.001104 0.024387 -0.431972 -0.000581 0.999770 -0.021433 -0.086826 -0.024405 0.021412 0.999473 0.984514
0.480777 0.854715 0.500000 0.500000 0.000000 0.000000 0.999649 0.001490 0.026445 -0.441903 -0.000905 0.999755 -0.022119 -0.089888 -0.026471 0.022087 0.999406 1.013673
0.480777 0.854715 0.500000 0.500000 0.000000 0.000000 0.999608 0.001258 0.027971 -0.453844 -0.000623 0.999742 -0.022694 -0.092862 -0.027993 0.022668 0.999351 1.042317
0.480777 0.854715 0.500000 0.500000 0.000000 0.000000 0.999567 0.001436 0.029393 -0.464570 -0.000745 0.999724 -0.023501 -0.096638 -0.029419 0.023469 0.999292 1.070822
0.480777 0.854715 0.500000 0.500000 0.000000 0.000000 0.999529 0.001655 0.030655 -0.475674 -0.000930 0.999720 -0.023664 -0.099788 -0.030686 0.023624 0.999250 1.098712
0.480777 0.854715 0.500000 0.500000 0.000000 0.000000 0.999473 0.001254 0.032432 -0.486086 -0.000467 0.999706 -0.024256 -0.102732 -0.032453 0.024228 0.999180 1.126361
0.480777 0.854715 0.500000 0.500000 0.000000 0.000000 0.999430 0.001171 0.033737 -0.491839 -0.000352 0.999705 -0.024281 -0.103756 -0.033755 0.024255 0.999136 1.140245
0.480777 0.854715 0.500000 0.500000 0.000000 0.000000 0.999383 0.001258 0.035091 -0.503847 -0.000396 0.999699 -0.024540 -0.106702 -0.035112 0.024511 0.999083 1.167994
0.480777 0.854715 0.500000 0.500000 0.000000 0.000000 0.999342 0.001365 0.036241 -0.516362 -0.000455 0.999685 -0.025101 -0.108587 -0.036264 0.025068 0.999028 1.196527
0.480777 0.854715 0.500000 0.500000 0.000000 0.000000 0.999304 0.001516 0.037264 -0.528497 -0.000568 0.999676 -0.025440 -0.110041 -0.037290 0.025401 0.998982 1.225300
0.480777 0.854715 0.500000 0.500000 0.000000 0.000000 0.999254 0.001515 0.038600 -0.541444 -0.000524 0.999670 -0.025669 -0.112626 -0.038626 0.025630 0.998925 1.254329
