0.475744 0.845767 0.500000 0.500000 0.000000 0.000000 1.000000 -0.000000 0.000000 -0.000000 0.000000 1.000000 0.000000 0.000000 -0.000000 -0.000000 1.000000 -0.000000
0.475744 0.845767 0.500000 0.500000 0.000000 0.000000 0.999929 -0.002090 0.011700 0.018388 0.002099 0.999997 -0.000809 -0.001126 -0.011698 0.000833 0.999931 0.015357
0.475744 0.845767 0.500000 0.500000 0.000000 0.000000 0.999722 -0.003967 0.023261 0.037211 0.004015 0.999990 -0.002002 -0.002332 -0.023253 0.002095 0.999727 0.030883
0.475744 0.845767 0.500000 0.500000 0.000000 0.000000 0.999383 -0.006283 0.034545 0.054412 0.006421 0.999972 -0.003866 -0.002045 -0.034520 0.004086 0.999396 0.050968
0.475744 0.845767 0.500000 0.500000 0.000000 0.000000 0.999178 -0.007673 0.039795 0.062394 0.007885 0.999956 -0.005159 -0.000939 -0.039754 0.005469 0.999195 0.062129
0.475744 0.845767 0.500000 0.500000 0.000000 0.000000 0.998767 -0.009386 0.048748 0.079698 0.009683 0.999936 -0.005863 -0.003406 -0.048690 0.006328 0.998794 0.085244
0.475744 0.845767 0.500000 0.500000 0.000000 0.000000 0.998263 -0.011477 0.057784 0.095209 0.011889 0.999906 -0.006787 -0.004739 -0.057701 0.007462 0.998306 0.110808
0.475744 0.845767 0.500000 0.500000 0.000000 0.000000 0.997647 -0.012882 0.067341 0.109019 0.013387 0.999886 -0.007048 -0.008924 -0.067243 0.007933 0.997705 0.139561
0.475744 0.845767 0.500000 0.500000 0.000000 0.000000 0.996895 -0.014493 0.077402 0.121617 0.015101 0.999859 -0.007279 -0.013550 -0.077285 0.008425 0.996973 0.171617
0.475744 0.845767 0.500000 0.500000 0.000000 0.000000 0.996028 -0.015797 0.087631 0.133660 0.016501 0.999837 -0.007313 -0.019480 -0.087502 0.008730 0.996126 0.205027
0.475744 0.845767 0.500000 0.500000 0.000000 0.000000 0.995022 -0.016752 0.098240 0.143957 0.017550 0.999820 -0.007267 -0.025990 -0.098100 0.008955 0.995136 0.240096
0.475744 0.845767 0.500000 0.500000 0.000000 0.000000 0.993871 -0.016853 0.109256 0.153035 0.017709 0.999820 -0.006868 -0.034439 -0.109120 0.008760 0.993990 0.274839
0.475744 0.845767 0.500000 0.500000 0.000000 0.000000 0.993239 -0.017229 0.114801 0.157513 0.018176 0.999809 -0.007206 -0.036934 -0.114655 0.009244 0.993362 0.291797
0.475744 0.845767 0.500000 0.500000 0.000000 0.000000 0.991878 -0.017175 0.126025 0.165589 0.018198 0.999810 -0.006975 -0.043814 -0.125881 0.009212 0.992003 0.326197
0.475744 0.845767 0.500000 0.500000 0.000000 0.000000 0.990465 -0.017801 0.136610 0.173699 0.018931 0.999796 -0.006979 -0.047973 -0.136458 0.009499 0.990600 0.360341
0.475744 0.845767 0.500000 0.500000 0.000000 0.000000 0.989135 -0.017853 0.145923 0.180554 0.018829 0.999809 -0.005305 -0.054380 -0.145800 0.007994 0.989282 0.396576
0.475744 0.845767 0.500000 0.500000 0.000000 0.000000 0.987817 -0.018846 0.154475 0.187036 0.019907 0.999788 -0.005324 -0.054942 -0.154342 0.008334 0.987982 0.435335
0.475744 0.845767 0.500000 0.500000 0.000000 0.000000 0.986567 -0.018675 0.162287 0.194698 0.019773 0.999791 -0.005148 -0.057746 -0.162157 0.008288 0.986730 0.474401
0.475744 0.845767 0.500000 0.500000 0.000000 0.000000 0.985330 -0.018232 0.169683 0.203361 0.019405 0.999798 -0.005260 -0.059204 -0.169553 0.008476 0.985485 0.514097
0.475744 0.845767 0.500000 0.500000 0.000000 0.000000 0.984073 -0.017660 0.176887 0.212695 0.018849 0.999810 -0.005045 -0.060287 -0.176764 0.008299 0.984218 0.555117
0.475744 0.845767 0.500000 0.500000 0.000000 0.000000 0.983424 -0.017209 0.180500 0.217198 0.018396 0.999819 -0.004907 -0.060264 -0.180383 0.008146 0.983563 0.577167
0.475744 0.845767 0.500000 0.500000 0.000000 0.000000 0.982103 -0.016245 0.187640 0.225919 0.017405 0.999838 -0.004536 -0.060257 -0.187536 0.007721 0.982227 0.621457
0.475744 0.845767 0.500000 0.500000 0.000000 0.000000 0.981059 -0.015883 0.193056 0.236523 0.017013 0.999846 -0.004198 -0.059625 -0.192960 0.007403 0.981179 0.665481
0.475744 0.845767 0.500000 0.500000 0.000000 0.000000 0.980182 -0.015960 0.197454 0.246723 0.016993 0.999849 -0.003539 -0.060489 -0.197368 0.006824 0.980306 0.708284
0.475744 0.845767 0.500000 0.500000 0.000000 0.000000 0.979314 -0.015732 0.201732 0.257470 0.016557 0.999860 -0.002401 -0.062629 -0.201666 0.005692 0.979438 0.749880
0.475744 0.845767 0.500000 0.500000 0.000000 0.000000 0.978445 -0.015250 0.205943 0.268956 0.015758 0.999875 -0.000829 -0.066501 -0.205905 0.004057 0.978564 0.790945
0.475744 0.845767 0.500000 0.500000 0.000000 0.000000 0.977558 -0.014954 0.210137 0.280878 0.015200 0.999884 0.000448 -0.070276 -0.210119 0.002756 0.977672 0.831286
0.475744 0.845767 0.500000 0.500000 0.000000 0.000000 0.976688 -0.015041 0.214138 0.294171 0.015083 0.999885 0.001436 -0.074557 -0.214135 0.001828 0.976802 0.871503
0.475744 0.845767 0.500000 0.500000 0.000000 0.000000 0.976274 -0.014769 0.216036 0.300910 0.014636 0.999890 0.002219 -0.077225 -0.216045 0.000995 0.976383 0.892413
0.475744 0.845767 0.500000 0.500000 0.000000 0.000000 0.975696 -0.014897 0.218621 0.315586 0.014356 0.999889 0.004062 -0.081701 -0.218657 -0.000825 0.975801 0.936239
0.475744 0.845767 0.500000 0.500000 0.000000 0.000000 0.975444 -0.015550 0.219700 0.331164 0.014479 0.999874 0.006487 -0.085385 -0.219773 -0.003147 0.975546 0.981525
0.475744 0.845767 0.500000 0.500000 0.000000 0.000000 0.975325 -0.016052 0.220191 0.348039 0.014305 0.999852 0.009526 -0.090879 -0.220312 -0.006141 0.975410 1.027279
0.475744 0.845767 0.500000 0.500000 0.000000 0.000000 0.975131 -0.016550 0.221008 0.364738 0.014184 0.999824 0.012288 -0.097606 -0.221173 -0.008847 0.975195 1.072202
0.475744 0.845767 0.500000 0.500000 0.000000 0.000000 0.975049 -0.017070 0.221333 0.383586 0.014087 0.999787 0.015053 -0.106208 -0.221543 -0.011559 0.975082 1.114022
0.475744 0.845767 0.500000 0.500000 0.000000 0.000000 0.974993 -0.017591 0.221539 0.402182 0.014137 0.999753 0.017166 -0.114338 -0.221786 -0.013605 0.975000 1.151848
0.475744 0.845767 0.500000 0.500000 0.000000 0.000000 0.975218 -0.018421 0.220479 0.421241 0.014596 0.999714 0.018967 -0.121487 -0.220765 -0.015278 0.975207 1.186979
0.475744 0.845767 0.500000 0.500000 0.000000 0.000000 0.975432 -0.018391 0.219531 0.430045 0.014359 0.999698 0.019945 -0.125347 -0.219831 -0.016303 0.975402 1.204347
0.475744 0.845767 0.500000 0.500000 0.000000 0.000000 0.976062 -0.018335 0.216720 0.449412 0.014041 0.999674 0.021340 -0.131833 -0.217041 -0.017786 0.976000 1.237450
0.475744 0.845767 0.500000 0.500000 0.000000 0.000000 0.976850 -0.017452 0.213210 0.470849 0.012954 0.999664 0.022473 -0.137161 -0.213531 -0.019191 0.976748 1.269373
0.475744 0.845767 0.500000 0.500000 0.000000 0.000000 0.977581 -0.016111 0.209941 0.491550 0.011555 0.999671 0.022911 -0.140656 -0.210241 -0.019972 0.977446 1.302023
0.475744 0.845767 0.500000 0.500000 0.000000 0.000000 0.978572 -0.014703 0.205380 0.517261 0.010115 0.999676 0.023374 -0.144073 -0.205657 -0.020796 0.978403 1.332913
0.475744 0.845767 0.500000 0.500000 0.000000 0.000000 0.979552 -0.013222 0.200757 0.543940 0.008613 0.999679 0.023815 -0.147083 -0.201007 -0.021599 0.979352 1.365068
0.475744 0.845767 0.500000 0.500000 0.000000 0.000000 0.980551 -0.012110 0.195892 0.571768 0.007636 0.999693 0.023576 -0.149039 -0.196118 -0.021622 0.980342 1.397076
0.475744 0.845767 0.500000 0.500000 0.000000 0.000000 0.981599 -0.010543 0.190660 0.599852 0.006168 0.999704 0.023526 -0.153562 -0.190852 -0.021917 0.981374 1.428958
0.475744 0.845767 0.500000 0.500000 0.000000 0.000000 0.982100 -0.009839 0.188101 0.613282 0.005578 0.999716 0.023172 -0.155654 -0.188276 -0.021708 0.981876 1.444590
0.475744 0.845767 0.500000 0.500000 0.000000 0.000000 0.983179 -0.007927 0.182475 0.640218 0.003867 0.999737 0.022595 -0.161715 -0.182606 -0.021509 0.982951 1.474119
0.475744 0.845767 0.500000 0.500000 0.000000 0.000000 0.984252 -0.006040 0.176668 0.666188 0.002318 0.999771 0.021265 -0.167869 -0.176756 -0.020521 0.984041 1.502077
0.475744 0.845767 0.500000 0.500000 0.000000 0.000000 0.985342 -0.003545 0.170552 0.690547 0.000078 0.999793 0.020332 -0.176250 -0.170589 -0.020020 0.985139 1.529668
0.475744 0.845767 0.500000 0.500000 0.000000 0.000000 0.986393 -0.000655 0.164405 0.712575 -0.002482 0.999819 0.018880 -0.184228 -0.164388 -0.019031 0.986212 1.556736
