0.485810 0.863663 0.500000 0.500000 0.000000 0.000000 1.000000 -0.000000 -0.000000 -0.000000 -0.000000 1.000000 -0.000000 0.000000 -0.000000 -0.000000 1.000000 0.000000
0.485810 0.863663 0.500000 0.500000 0.000000 0.000000 0.999946 0.000152 -0.010367 -0.010672 -0.000153 1.000000 -0.000067 0.000324 0.010367 0.000069 0.999946 0.004125
0.485810 0.863663 0.500000 0.500000 0.000000 0.000000 0.999785 0.000277 -0.020729 -0.022690 -0.000280 1.000000 -0.000142 0.000744 0.020729 0.000148 0.999785 0.007883
0.485810 0.863663 0.500000 0.500000 0.000000 0.000000 0.999510 0.000412 -0.031305 -0.036088 -0.000414 1.000000 -0.000073 0.001213 0.031305 0.000086 0.999510 0.011557
0.485810 0.863663 0.500000 0.500000 0.000000 0.000000 0.999319 0.000579 -0.036901 -0.042202 -0.000574 1.000000 0.000147 0.000387 0.036901 -0.000126 0.999319 0.013353
0.485810 0.863663 0.500000 0.500000 0.000000 0.000000 0.998850 0.000835 -0.047927 -0.055002 -0.000842 1.000000 -0.000111 -0.000195 0.047927 0.000151 0.998851 0.017723
0.485810 0.863663 0.500000 0.500000 0.000000 0.000000 0.998264 0.001004 -0.058893 -0.068181 -0.001017 0.999999 -0.000206 -0.001439 0.058893 0.000265 0.998264 0.020936
0.485810 0.863663 0.500000 0.500000 0.000000 0.000000 0.997543 0.001239 -0.070049 -0.080672 -0.001234 0.999999 0.000123 -0.002348 0.070049 -0.000036 0.997544 0.024880
0.485810 0.863663 0.500000 0.500000 0.000000 0.000000 0.996701 0.001509 -0.081146 -0.093346 -0.001523 0.999999 -0.000114 -0.003070 0.081146 0.000237 0.996702 0.028525
0.485810 0.863663 0.500000 0.500000 0.000000 0.000000 0.995718 0.001551 -0.092425 -0.104868 -0.001565 0.999999 -0.000072 -0.003941 0.092425 0.000216 0.995720 0.032257
0.485810 0.863663 0.500000 0.500000 0.000000 0.000000 0.994615 0.001831 -0.103622 -0.117113 -0.001842 0.999998 -0.000017 -0.003979 0.103621 0.000207 0.994617 0.035978
0.485810 0.863663 0.500000 0.500000 0.000000 0.000000 0.993386 0.001901 -0.114810 -0.129917 -0.001919 0.999998 -0.000048 -0.004950 0.114810 0.000268 0.993387 0.038353
0.485810 0.863663 0.500000 0.500000 0.000000 0.000000 0.992676 0.002025 -0.120789 -0.135917 -0.002057 0.999998 -0.000136 -0.005509 0.120788 0.000384 0.992678 0.040057
0.485810 0.863663 0.500000 0.500000 0.000000 0.000000 0.991224 0.002132 -0.132176 -0.150070 -0.002151 0.999998 -0.000002 -0.007246 0.132176 0.000286 0.991226 0.043454
0.485810 0.863663 0.500000 0.500000 0.000000 0.000000 0.989612 0.002193 -0.143750 -0.163620 -0.002218 0.999998 -0.000012 -0.007923 0.143750 0.000330 0.989614 0.047003
0.485810 0.863663 0.500000 0.500000 0.000000 0.000000 0.987889 0.002395 -0.155142 -0.176225 -0.002466 0.999997 -0.000267 -0.008029 0.155141 0.000646 0.987892 0.049921
0.485810 0.863663 0.500000 0.500000 0.000000 0.000000 0.986156 0.002577 -0.165798 -0.188016 -0.002641 0.999997 -0.000167 -0.007926 0.165797 0.000603 0.986160 0.052707
0.485810 0.863663 0.500000 0.500000 0.000000 0.000000 0.984366 0.002643 -0.176114 -0.198641 -0.002727 0.999996 -0.000232 -0.008070 0.176113 0.000709 0.984370 0.055693
0.485810 0.863663 0.500000 0.500000 0.000000 0.000000 0.982475 0.002434 -0.186376 -0.209997 -0.002546 0.999997 -0.000359 -0.008249 0.186375 0.000828 0.982478 0.058889
0.485810 0.863663 0.500000 0.500000 0.000000 0.000000 0.980469 0.002238 -0.196659 -0.221716 -0.002452 0.999997 -0.000840 -0.007515 0.196657 0.001306 0.980472 0.062979
0.485810 0.863663 0.500000 0.500000 0.000000 0.000000 0.979406 0.002314 -0.201889 -0.226813 -0.002508 0.999997 -0.000706 -0.008414 0.201887 0.001197 0.979408 0.064367
0.485810 0.863663 0.500000 0.500000 0.000000 0.000000 0.977276 0.002201 -0.211959 -0.237621 -0.002497 0.999996 -0.001129 -0.008585 0.211956 0.001633 0.977278 0.068416
0.485810 0.863663 0.500000 0.500000 0.000000 0.000000 0.975018 0.002179 -0.222117 -0.248013 -0.002474 0.999996 -0.001050 -0.009815 0.222114 0.001573 0.975020 0.073687
0.485810 0.863663 0.500000 0.500000 0.000000 0.000000 0.972687 0.002136 -0.232112 -0.258671 -0.002492 0.999996 -0.001240 -0.010277 0.232108 0.001784 0.972688 0.079394
0.485810 0.863663 0.500000 0.500000 0.000000 0.000000 0.970320 0.002217 -0.241815 -0.269882 -0.002655 0.999995 -0.001483 -0.009895 0.241810 0.002081 0.970321 0.085599
0.485810 0.863663 0.500000 0.500000 0.000000 0.000000 0.967859 0.002284 -0.251484 -0.280887 -0.002669 0.999996 -0.001192 -0.009967 0.251480 0.001825 0.967861 0.091267
0.485810 0.863663 0.500000 0.500000 0.000000 0.000000 0.965247 0.002593 -0.261327 -0.292274 -0.003009 0.999995 -0.001193 -0.009536 0.261323 0.001938 0.965249 0.098043
0.485810 0.863663 0.500000 0.500000 0.000000 0.000000 0.962650 0.002775 -0.270734 -0.304298 -0.003198 0.999994 -0.001122 -0.007986 0.270730 0.001946 0.962653 0.104694
0.485810 0.863663 0.500000 0.500000 0.000000 0.000000 0.961226 0.002799 -0.275747 -0.309565 -0.003188 0.999994 -0.000963 -0.007488 0.275743 0.001805 0.961230 0.108488
0.485810 0.863663 0.500000 0.500000 0.000000 0.000000 0.958543 0.003038 -0.284930 -0.320939 -0.003636 0.999992 -0.001570 -0.005881 0.284923 0.002541 0.958547 0.116223
0.485810 0.863663 0.500000 0.500000 0.000000 0.000000 0.955726 0.003564 -0.294236 -0.330066 -0.004099 0.999991 -0.001200 -0.007183 0.294229 0.002353 0.955732 0.125613
0.485810 0.863663 0.500000 0.500000 0.000000 0.000000 0.952865 0.003396 -0.303376 -0.339261 -0.004004 0.999991 -0.001381 -0.006290 0.303368 0.002530 0.952870 0.134009
0.485810 0.863663 0.500000 0.500000 0.000000 0.000000 0.950247 0.003260 -0.311481 -0.351407 -0.003922 0.999991 -0.001501 -0.007812 0.311473 0.002648 0.950251 0.142204
0.485810 0.863663 0.500000 0.500000 0.000000 0.000000 0.947471 0.002956 -0.319828 -0.362367 -0.003817 0.999991 -0.002065 -0.009078 0.319819 0.003177 0.947473 0.150996
0.485810 0.863663 0.500000 0.500000 0.000000 0.000000 0.944806 0.002446 -0.327621 -0.374030 -0.003397 0.999992 -0.002331 -0.010213 0.327613 0.003316 0.944806 0.160064
0.485810 0.863663 0.500000 0.500000 0.000000 0.000000 0.941971 0.002453 -0.335686 -0.381987 -0.003570 0.999990 -0.002711 -0.011336 0.335677 0.003752 0.941970 0.169459
0.485810 0.863663 0.500000 0.500000 0.000000 0.000000 0.940813 0.002133 -0.338919 -0.387737 -0.003463 0.999989 -0.003319 -0.010378 0.338908 0.004296 0.940810 0.172667
0.485810 0.863663 0.500000 0.500000 0.000000 0.000000 0.938495 0.002135 -0.345285 -0.398181 -0.003646 0.999986 -0.003727 -0.009508 0.345272 0.004756 0.938491 0.179618
0.485810 0.863663 0.500000 0.500000 0.000000 0.000000 0.935926 0.001799 -0.352193 -0.407352 -0.003388 0.999987 -0.003894 -0.010269 0.352181 0.004838 0.935919 0.187291
0.485810 0.863663 0.500000 0.500000 0.000000 0.000000 0.933155 0.001600 -0.359470 -0.416199 -0.003340 0.999986 -0.004219 -0.010357 0.359458 0.005138 0.933147 0.195373
0.485810 0.863663 0.500000 0.500000 0.000000 0.000000 0.930465 0.001695 -0.366376 -0.426097 -0.003518 0.999985 -0.004310 -0.010103 0.366363 0.005299 0.930457 0.203127
0.485810 0.863663 0.500000 0.500000 0.000000 0.000000 0.927552 0.001860 -0.373690 -0.435554 -0.003764 0.999983 -0.004364 -0.010133 0.373676 0.005454 0.927543 0.210887
0.485810 0.863663 0.500000 0.500000 0.000000 0.000000 0.924629 0.001727 -0.380866 -0.445834 -0.003797 0.999982 -0.004685 -0.010130 0.380851 0.005778 0.924618 0.218561
0.485810 0.863663 0.500000 0.500000 0.000000 0.000000 0.921902 0.001513 -0.387420 -0.455702 -0.003809 0.999979 -0.005158 -0.011045 0.387404 0.006231 0.921889 0.225590
0.485810 0.863663 0.500000 0.500000 0.000000 0.000000 0.920440 0.001455 -0.390880 -0.460270 -0.003748 0.999980 -0.005103 -0.011090 0.390865 0.006162 0.920427 0.230323
0.485810 0.863663 0.500000 0.500000 0.000000 0.000000 0.917583 0.001481 -0.397541 -0.469537 -0.004022 0.999977 -0.005557 -0.010787 0.397524 0.006698 0.917567 0.240004
0.485810 0.863663 0.500000 0.500000 0.000000 0.000000 0.914962 0.001564 -0.403537 -0.479542 -0.004061 0.999978 -0.005333 -0.010750 0.403520 0.006519 0.914948 0.248781
0.485810 0.863663 0.500000 0.500000 0.000000 0.000000 0.912533 0.001134 -0.409002 -0.489532 -0.003971 0.999974 -0.006086 -0.009150 0.408985 0.007178 0.912513 0.258232
0.485810 0.863663 0.500000 0.500000 0.000000 0.000000 0.910169 0.001462 -0.414234 -0.499087 -0.004392 0.999972 -0.006121 -0.009433 0.414213 0.007390 0.910150 0.267163
