0.479127 0.851781 0.500000 0.500000 0.000000 0.000000 1.000000 -0.000000 -0.000000 -0.000000 0.000000 1.000000 0.000000 0.000000 -0.000000 -0.000000 1.000000 0.000000
0.479127 0.851781 0.500000 0.500000 0.000000 0.000000 0.999963 -0.000025 0.008547 -0.006260 0.000029 1.000000 -0.000405 -0.002127 -0.008547 0.000405 0.999963 0.030243
0.479127 0.851781 0.500000 0.500000 0.000000 0.000000 0.999855 0.000186 0.017001 -0.012983 -0.000175 1.000000 -0.000617 -0.004737 -0.017002 0.000614 0.999855 0.061249
0.479127 0.851781 0.500000 0.500000 0.000000 0.000000 0.999682 -0.000273 0.025222 -0.018772 0.000306 0.999999 -0.001303 -0.006165 -0.025221 0.001310 0.999681 0.091734
0.479127 0.851781 0.500000 0.500000 0.000000 0.000000 0.999572 -0.000549 0.029233 -0.021278 0.000608 0.999998 -0.002016 -0.004904 -0.029232 0.002033 0.999571 0.106695
0.479127 0.851781 0.500000 0.500000 0.000000 0.000000 0.999265 -0.001002 0.038309 -0.028415 0.001064 0.999998 -0.001624 -0.006939 -0.038307 0.001663 0.999265 0.135966
0.479127 0.851781 0.500000 0.500000 0.000000 0.000000 0.998866 -0.001333 0.047581 -0.034061 0.001415 0.999998 -0.001696 -0.007782 -0.047579 0.001761 0.998866 0.164817
0.479127 0.851781 0.500000 0.500000 0.000000 0.000000 0.998365 -0.001880 0.057135 -0.039691 0.002005 0.999996 -0.002125 -0.008577 -0.057131 0.002236 0.998364 0.192809
0.479127 0.851781 0.500000 0.500000 0.000000 0.000000 0.997773 -0.002395 0.066653 -0.044265 0.002589 0.999993 -0.002819 -0.009052 -0.066646 0.002985 0.997772 0.220777
0.479127 0.851781 0.500000 0.500000 0.000000 0.000000 0.997044 -0.003354 0.076761 -0.048215 0.003612 0.999988 -0.003215 -0.009459 -0.076749 0.003483 0.997044 0.248224
0.479127 0.851781 0.500000 0.500000 0.000000 0.000000 0.996134 -0.004226 0.087743 -0.052309 0.004489 0.999986 -0.002797 -0.009386 -0.087730 0.003180 0.996139 0.275173
0.479127 0.851781 0.500000 0.500000 0.000000 0.000000 0.995092 -0.005219 0.098814 -0.055074 0.005461 0.999983 -0.002182 -0.009134 -0.098801 0.002711 0.995104 0.302823
0.479127 0.851781 0.500000 0.500000 0.000000 0.000000 0.994528 -0.005702 0.104312 -0.056440 0.005943 0.999980 -0.001998 -0.008658 -0.104298 0.002607 0.994543 0.316480
0.479127 0.851781 0.500000 0.500000 0.000000 0.000000 0.993283 -0.006984 0.115499 -0.058730 0.007186 0.999973 -0.001331 -0.008907 -0.115487 0.002152 0.993307 0.345301
0.479127 0.851781 0.500000 0.500000 0.000000 0.000000 0.991918 -0.008427 0.126601 -0.060195 0.008620 0.999962 -0.000975 -0.009589 -0.126588 0.002059 0.991953 0.375042
0.479127 0.851781 0.500000 0.500000 0.000000 0.000000 0.990404 -0.009554 0.137875 -0.061099 0.009714 0.999953 -0.000484 -0.010523 -0.137863 0.001819 0.990450 0.406239
0.479127 0.851781 0.500000 0.500000 0.000000 0.000000 0.988711 -0.010585 0.149462 -0.060602 0.010635 0.999943 0.000464 -0.012948 -0.149459 0.001131 0.988767 0.437576
0.479127 0.851781 0.500000 0.500000 0.000000 0.000000 0.986776 -0.011300 0.161699 -0.059872 0.011208 0.999936 0.001484 -0.015283 -0.161705 0.000348 0.986839 0.469697
0.479127 0.851781 0.500000 0.500000 0.000000 0.000000 0.984661 -0.011680 0.174088 -0.059371 0.011413 0.999932 0.002535 -0.018491 -0.174105 -0.000510 0.984727 0.500812
0.479127 0.851781 0.500000 0.500000 0.000000 0.000000 0.982435 -0.012575 0.186178 -0.056663 0.012192 0.999921 0.003205 -0.022419 -0.186204 -0.000879 0.982511 0.530740
0.479127 0.851781 0.500000 0.500000 0.000000 0.000000 0.981236 -0.013109 0.192366 -0.055357 0.012757 0.999914 0.003069 -0.023642 -0.192389 -0.000557 0.981319 0.545473
0.479127 0.851781 0.500000 0.500000 0.000000 0.000000 0.978712 -0.014419 0.204729 -0.052332 0.014149 0.999896 0.002782 -0.026231 -0.204748 0.000174 0.978815 0.574362
0.479127 0.851781 0.500000 0.500000 0.000000 0.000000 0.975851 -0.015731 0.217871 -0.049548 0.015597 0.999876 0.002337 -0.028200 -0.217881 0.001118 0.975975 0.603207
0.479127 0.851781 0.500000 0.500000 0.000000 0.000000 0.972793 -0.016672 0.231077 -0.046263 0.016608 0.999860 0.002222 -0.030494 -0.231082 0.001677 0.972933 0.632985
0.479127 0.851781 0.500000 0.500000 0.000000 0.000000 0.969519 -0.017930 0.244358 -0.043465 0.018010 0.999836 0.001906 -0.033135 -0.244353 0.002553 0.969683 0.663056
0.479127 0.851781 0.500000 0.500000 0.000000 0.000000 0.966072 -0.019309 0.257550 -0.039345 0.019691 0.999806 0.001098 -0.036074 -0.257521 0.004010 0.966264 0.694196
0.479127 0.851781 0.500000 0.500000 0.000000 0.000000 0.962296 -0.020509 0.271229 -0.037900 0.021040 0.999778 0.000950 -0.039881 -0.271188 0.004793 0.962514 0.725804
0.479127 0.851781 0.500000 0.500000 0.000000 0.000000 0.958309 -0.021980 0.284886 -0.035934 0.022588 0.999744 0.001153 -0.042032 -0.284839 0.005330 0.958561 0.757485
0.479127 0.851781 0.500000 0.500000 0.000000 0.000000 0.956166 -0.022523 0.291958 -0.035143 0.023091 0.999732 0.001499 -0.043170 -0.291913 0.005308 0.956430 0.773551
0.479127 0.851781 0.500000 0.500000 0.000000 0.000000 0.951773 -0.023822 0.305877 -0.033576 0.024385 0.999701 0.001983 -0.045296 -0.305832 0.005571 0.952069 0.805106
0.479127 0.851781 0.500000 0.500000 0.000000 0.000000 0.947139 -0.025188 0.319834 -0.031669 0.025724 0.999666 0.002548 -0.048658 -0.319792 0.005815 0.947470 0.836044
0.479127 0.851781 0.500000 0.500000 0.000000 0.000000 0.942244 -0.026412 0.333885 -0.029480 0.027156 0.999628 0.002439 -0.050936 -0.333826 0.006769 0.942610 0.866117
0.479127 0.851781 0.500000 0.500000 0.000000 0.000000 0.937211 -0.027883 0.347646 -0.025925 0.028736 0.999583 0.002704 -0.054069 -0.347576 0.007456 0.937622 0.894841
0.479127 0.851781 0.500000 0.500000 0.000000 0.000000 0.932058 -0.029490 0.361108 -0.023297 0.030453 0.999532 0.003025 -0.055484 -0.361028 0.008177 0.932519 0.923851
0.479127 0.851781 0.500000 0.500000 0.000000 0.000000 0.927152 -0.031750 0.373337 -0.020319 0.032481 0.999463 0.004335 -0.057515 -0.373274 0.008107 0.927686 0.951847
0.479127 0.851781 0.500000 0.500000 0.000000 0.000000 0.922147 -0.034050 0.385339 -0.016660 0.034910 0.999379 0.004767 -0.057194 -0.385262 0.009056 0.922763 0.979209
0.479127 0.851781 0.500000 0.500000 0.000000 0.000000 0.919576 -0.035357 0.391317 -0.014436 0.036114 0.999333 0.005428 -0.058002 -0.391248 0.009141 0.920240 0.992980
0.479127 0.851781 0.500000 0.500000 0.000000 0.000000 0.914382 -0.037761 0.403088 -0.009665 0.038427 0.999241 0.006437 -0.058470 -0.403025 0.009603 0.915139 1.020295
0.479127 0.851781 0.500000 0.500000 0.000000 0.000000 0.908907 -0.040310 0.415047 -0.004010 0.040763 0.999139 0.007773 -0.059114 -0.415003 0.009854 0.909767 1.046953
0.479127 0.851781 0.500000 0.500000 0.000000 0.000000 0.902992 -0.043396 0.427461 0.001671 0.043461 0.999009 0.009611 -0.058996 -0.427455 0.009899 0.903983 1.073699
0.479127 0.851781 0.500000 0.500000 0.000000 0.000000 0.897126 -0.046639 0.439305 0.008422 0.046384 0.998860 0.011321 -0.057753 -0.439332 0.010220 0.898267 1.099546
0.479127 0.851781 0.500000 0.500000 0.000000 0.000000 0.891028 -0.049891 0.451198 0.015645 0.049014 0.998705 0.013638 -0.057333 -0.451294 0.009963 0.892320 1.125882
0.479127 0.851781 0.500000 0.500000 0.000000 0.000000 0.884714 -0.053018 0.463110 0.023277 0.051652 0.998543 0.015641 -0.057310 -0.463265 0.010083 0.886163 1.152206
0.479127 0.851781 0.500000 0.500000 0.000000 0.000000 0.878201 -0.055794 0.475026 0.031002 0.054005 0.998389 0.017424 -0.056747 -0.475233 0.010352 0.879799 1.178311
0.479127 0.851781 0.500000 0.500000 0.000000 0.000000 0.874890 -0.057200 0.480932 0.035561 0.054814 0.998315 0.019020 -0.057471 -0.481210 0.009721 0.876552 1.191407
0.479127 0.851781 0.500000 0.500000 0.000000 0.000000 0.867804 -0.059199 0.493367 0.043239 0.055854 0.998207 0.021532 -0.057060 -0.493757 0.008871 0.869555 1.217167
0.479127 0.851781 0.500000 0.500000 0.000000 0.000000 0.860479 -0.060933 0.505830 0.052601 0.056371 0.998113 0.024340 -0.056034 -0.506359 0.007570 0.862290 1.242476
0.479127 0.851781 0.500000 0.500000 0.000000 0.000000 0.852792 -0.062715 0.518471 0.061984 0.056816 0.998012 0.027270 -0.055713 -0.519150 0.006202 0.854660 1.267605
0.479127 0.851781 0.500000 0.500000 0.000000 0.000000 0.844971 -0.064364 0.530926 0.072113 0.057320 0.997912 0.029752 -0.055120 -0.531732 0.005293 0.846896 1.292203
