0.501420 0.891414 0.500000 0.500000 0.000000 0.000000 1.000000 -0.000000 0.000000 -0.000000 -0.000000 1.000000 0.000000 0.000000 0.000000 0.000000 1.000000 0.000000
0.501420 0.891414 0.500000 0.500000 0.000000 0.000000 0.999996 -0.000499 0.002631 -0.010429 0.000503 0.999999 -0.001491 -0.001114 -0.002630 0.001492 0.999995 0.049869
0.501420 0.891414 0.500000 0.500000 0.000000 0.000000 0.999984 -0.000661 0.005654 -0.020721 0.000680 0.999995 -0.003202 -0.002282 -0.005652 0.003206 0.999979 0.100130
0.501420 0.891414 0.500000 0.500000 0.000000 0.000000 0.999957 -0.001089 0.009240 -0.030968 0.001133 0.999988 -0.004776 -0.003059 -0.009234 0.004786 0.999946 0.150037
0.501420 0.891414 0.500000 0.500000 0.000000 0.000000 0.999936 -0.001286 0.011262 -0.035872 0.001346 0.999985 -0.005274 -0.004098 -0.011255 0.005289 0.999923 0.175446
0.501420 0.891414 0.500000 0.500000 0.000000 0.000000 0.999874 -0.001652 0.015787 -0.045514 0.001756 0.999977 -0.006575 -0.005718 -0.015775 0.006602 0.999854 0.227800
0.501420 0.891414 0.500000 0.500000 0.000000 0.000000 0.999791 -0.002233 0.020344 -0.053370 0.002378 0.999972 -0.007077 -0.008857 -0.020328 0.007124 0.999768 0.279422
0.501420 0.891414 0.500000 0.500000 0.000000 0.000000 0.999676 -0.002087 0.025365 -0.061636 0.002277 0.999969 -0.007480 -0.012972 -0.025349 0.007536 0.999650 0.330565
0.501420 0.891414 0.500000 0.500000 0.000000 0.000000 0.999522 -0.002319 0.030818 -0.069290 0.002577 0.999962 -0.008359 -0.015263 -0.030798 0.008434 0.999490 0.380701
0.501420 0.891414 0.500000 0.500000 0.000000 0.000000 0.999320 -0.002366 0.036784 -0.078000 0.002720 0.999950 -0.009571 -0.016727 -0.036760 0.009665 0.999277 0.430320
0.501420 0.891414 0.500000 0.500000 0.000000 0.000000 0.999064 -0.002354 0.043189 -0.086370 0.002830 0.999936 -0.010976 -0.017965 -0.043161 0.011088 0.999007 0.479785
0.501420 0.891414 0.500000 0.500000 0.000000 0.000000 0.998727 -0.002643 0.050382 -0.095292 0.003284 0.999915 -0.012643 -0.018053 -0.050345 0.012793 0.998650 0.529269
0.501420 0.891414 0.500000 0.500000 0.000000 0.000000 0.998546 -0.002724 0.053831 -0.099889 0.003454 0.999903 -0.013472 -0.018047 -0.053789 0.013639 0.998459 0.553966
0.501420 0.891414 0.500000 0.500000 0.000000 0.000000 0.998110 -0.002657 0.061391 -0.109283 0.003585 0.999881 -0.015006 -0.018716 -0.061344 0.015198 0.998001 0.604242
0.501420 0.891414 0.500000 0.500000 0.000000 0.000000 0.997572 -0.002675 0.069594 -0.120575 0.003822 0.999859 -0.016354 -0.020038 -0.069540 0.016580 0.997441 0.654110
0.501420 0.891414 0.500000 0.500000 0.000000 0.000000 0.996869 -0.002235 0.079039 -0.133835 0.003612 0.999844 -0.017291 -0.022165 -0.078988 0.017523 0.996722 0.704160
0.501420 0.891414 0.500000 0.500000 0.000000 0.000000 0.996112 -0.002139 0.088066 -0.143864 0.003742 0.999830 -0.018044 -0.024733 -0.088012 0.018303 0.995951 0.756299
0.501420 0.891414 0.500000 0.500000 0.000000 0.000000 0.995178 -0.002203 0.098059 -0.155889 0.003997 0.999828 -0.018096 -0.028941 -0.098003 0.018401 0.995016 0.807195
0.501420 0.891414 0.500000 0.500000 0.000000 0.000000 0.994071 -0.002413 0.108706 -0.168539 0.004466 0.999816 -0.018648 -0.031546 -0.108641 0.019023 0.993899 0.858593
0.501420 0.891414 0.500000 0.500000 0.000000 0.000000 0.992763 -0.002492 0.120063 -0.181853 0.004796 0.999810 -0.018904 -0.034681 -0.119993 0.019343 0.992586 0.909583
0.501420 0.891414 0.500000 0.500000 0.000000 0.000000 0.992062 -0.002544 0.125723 -0.188082 0.004996 0.999803 -0.019193 -0.035617 -0.125650 0.019669 0.991880 0.935196
0.501420 0.891414 0.500000 0.500000 0.000000 0.000000 0.990639 -0.002782 0.136480 -0.196939 0.005583 0.999782 -0.020142 -0.036488 -0.136394 0.020716 0.990438 0.984816
0.501420 0.891414 0.500000 0.500000 0.000000 0.000000 0.989069 -0.002698 0.147431 -0.204579 0.005844 0.999764 -0.020910 -0.038011 -0.147340 0.021543 0.988851 1.034012
0.501420 0.891414 0.500000 0.500000 0.000000 0.000000 0.987535 -0.002852 0.157374 -0.208250 0.006323 0.999748 -0.021556 -0.039494 -0.157273 0.022282 0.987304 1.080650
0.501420 0.891414 0.500000 0.500000 0.000000 0.000000 0.985603 -0.003405 0.169041 -0.216257 0.007340 0.999716 -0.022659 -0.038691 -0.168916 0.023573 0.985349 1.127037
0.501420 0.891414 0.500000 0.500000 0.000000 0.000000 0.983601 -0.004036 0.180315 -0.222408 0.008318 0.999701 -0.022996 -0.039032 -0.180168 0.024119 0.983340 1.175368
0.501420 0.891414 0.500000 0.500000 0.000000 0.000000 0.981634 -0.004870 0.190711 -0.224244 0.009441 0.999689 -0.023067 -0.040097 -0.190539 0.024443 0.981375 1.221190
0.501420 0.891414 0.500000 0.500000 0.000000 0.000000 0.979437 -0.005705 0.201668 -0.226852 0.010480 0.999689 -0.022619 -0.042081 -0.201476 0.024267 0.979193 1.269333
0.501420 0.891414 0.500000 0.500000 0.000000 0.000000 0.978407 -0.006642 0.206582 -0.225581 0.011478 0.999687 -0.022221 -0.043498 -0.206370 0.024112 0.978177 1.293265
0.501420 0.891414 0.500000 0.500000 0.000000 0.000000 0.975839 -0.007627 0.218357 -0.228752 0.012703 0.999680 -0.021853 -0.044519 -0.218120 0.024099 0.975624 1.342997
0.501420 0.891414 0.500000 0.500000 0.000000 0.000000 0.973072 -0.008859 0.230332 -0.231643 0.014094 0.999678 -0.021092 -0.046906 -0.230071 0.023770 0.972884 1.391204
0.501420 0.891414 0.500000 0.500000 0.000000 0.000000 0.970183 -0.010246 0.242155 -0.233846 0.015542 0.999680 -0.019971 -0.050136 -0.241873 0.023139 0.970032 1.437838
0.501420 0.891414 0.500000 0.500000 0.000000 0.000000 0.967154 -0.011398 0.253934 -0.233738 0.016770 0.999679 -0.019002 -0.052380 -0.253636 0.022637 0.967035 1.485028
0.501420 0.891414 0.500000 0.500000 0.000000 0.000000 0.963810 -0.012588 0.266293 -0.235889 0.018112 0.999668 -0.018300 -0.053390 -0.265974 0.022460 0.963718 1.529152
0.501420 0.891414 0.500000 0.500000 0.000000 0.000000 0.960554 -0.014482 0.277717 -0.233843 0.020151 0.999643 -0.017571 -0.055150 -0.277363 0.022475 0.960502 1.573199
0.501420 0.891414 0.500000 0.500000 0.000000 0.000000 0.956614 -0.015220 0.290959 -0.238134 0.021340 0.999613 -0.017871 -0.054048 -0.290574 0.023305 0.956569 1.618829
0.501420 0.891414 0.500000 0.500000 0.000000 0.000000 0.954694 -0.015761 0.297171 -0.236747 0.022099 0.999594 -0.017981 -0.053634 -0.296767 0.023734 0.954655 1.643468
0.501420 0.891414 0.500000 0.500000 0.000000 0.000000 0.950495 -0.018125 0.310211 -0.235719 0.024820 0.999536 -0.017649 -0.054532 -0.309747 0.024474 0.950504 1.693785
0.501420 0.891414 0.500000 0.500000 0.000000 0.000000 0.946268 -0.020302 0.322746 -0.231351 0.027438 0.999469 -0.017576 -0.054188 -0.322218 0.025488 0.946322 1.744426
0.501420 0.891414 0.500000 0.500000 0.000000 0.000000 0.942072 -0.022228 0.334673 -0.223955 0.029652 0.999414 -0.017088 -0.055047 -0.334097 0.026021 0.942179 1.795191
0.501420 0.891414 0.500000 0.500000 0.000000 0.000000 0.937389 -0.024534 0.347419 -0.218573 0.031992 0.999364 -0.015747 -0.057684 -0.346811 0.025875 0.937578 1.847007
0.501420 0.891414 0.500000 0.500000 0.000000 0.000000 0.932692 -0.027081 0.359655 -0.211258 0.034683 0.999290 -0.014699 -0.060579 -0.359002 0.026184 0.932970 1.894406
0.501420 0.891414 0.500000 0.500000 0.000000 0.000000 0.928032 -0.029412 0.371338 -0.200798 0.036518 0.999259 -0.012118 -0.067646 -0.370706 0.024807 0.928419 1.945519
0.501420 0.891414 0.500000 0.500000 0.000000 0.000000 0.922867 -0.031836 0.383801 -0.192589 0.038730 0.999197 -0.010246 -0.072749 -0.383167 0.024321 0.923359 1.994479
0.501420 0.891414 0.500000 0.500000 0.000000 0.000000 0.920251 -0.033399 0.389902 -0.187824 0.040475 0.999131 -0.009942 -0.072113 -0.389231 0.024931 0.920803 2.020332
0.501420 0.891414 0.500000 0.500000 0.000000 0.000000 0.914774 -0.035337 0.402418 -0.178855 0.042483 0.999058 -0.008842 -0.073651 -0.401727 0.025184 0.915413 2.068351
0.501420 0.891414 0.500000 0.500000 0.000000 0.000000 0.908434 -0.037387 0.416354 -0.174262 0.045050 0.998948 -0.008592 -0.073055 -0.415595 0.026562 0.909162 2.116669
0.501420 0.891414 0.500000 0.500000 0.000000 0.000000 0.902757 -0.038937 0.428384 -0.163055 0.046499 0.998892 -0.007197 -0.075529 -0.427630 0.026417 0.903568 2.162950
0.501420 0.891414 0.500000 0.500000 0.000000 0.000000 0.897003 -0.040889 0.440129 -0.151191 0.048437 0.998809 -0.005925 -0.078336 -0.439362 0.026633 0.897915 2.204097
