0.626046 1.112971 0.500000 0.500000 0.000000 0.000000 1.000000 0.000000 0.000000 -0.000000 0.000000 1.000000 0.000000 0.000000 0.000000 0.000000 1.000000 0.000000
0.626046 1.112971 0.500000 0.500000 0.000000 0.000000 0.999920 0.006862 -0.010603 0.022806 -0.006864 0.999976 -0.000138 0.000675 0.010602 0.000211 0.999944 -0.000791
0.626046 1.112971 0.500000 0.500000 0.000000 0.000000 0.999668 0.014057 -0.021599 0.045391 -0.014063 0.999901 -0.000142 0.001112 0.021595 0.000446 0.999767 -0.001212
0.626046 1.112971 0.500000 0.500000 0.000000 0.000000 0.999236 0.021283 -0.032766 0.067778 -0.021312 0.999773 -0.000538 0.001593 0.032747 0.001236 0.999463 -0.001751
0.626046 1.112971 0.500000 0.500000 0.000000 0.000000 0.998965 0.024834 -0.038115 0.079273 -0.024872 0.999691 -0.000527 0.001527 0.038090 0.001475 0.999273 -0.001727
0.626046 1.112971 0.500000 0.500000 0.000000 0.000000 0.998299 0.031616 -0.048990 0.102022 -0.031681 0.999498 -0.000554 0.001773 0.048948 0.002105 0.998799 -0.002096
0.626046 1.112971 0.500000 0.500000 0.000000 0.000000 0.997441 0.038607 -0.060182 0.124746 -0.038724 0.999250 -0.000772 0.002129 0.060107 0.003101 0.998187 -0.002024
0.626046 1.112971 0.500000 0.500000 0.000000 0.000000 0.996405 0.045790 -0.071277 0.147756 -0.045971 0.998942 -0.000900 0.002148 0.071161 0.004173 0.997456 -0.001785
0.626046 1.112971 0.500000 0.500000 0.000000 0.000000 0.995226 0.052546 -0.082242 0.170898 -0.052797 0.998605 -0.000886 0.001783 0.082081 0.005224 0.996612 -0.001191
0.626046 1.112971 0.500000 0.500000 0.000000 0.000000 0.993871 0.059346 -0.093267 0.193851 -0.059683 0.998217 -0.000821 0.001207 0.093051 0.006383 0.995641 -0.000463
0.626046 1.112971 0.500000 0.500000 0.000000 0.000000 0.992306 0.066184 -0.104636 0.216737 -0.066660 0.997775 -0.001057 0.000824 0.104333 0.008024 0.994510 0.000277
0.626046 1.112971 0.500000 0.500000 0.000000 0.000000 0.990566 0.073041 -0.115946 0.240160 -0.073678 0.997281 -0.001210 -0.000018 0.115542 0.009741 0.993255 0.001499
0.626046 1.112971 0.500000 0.500000 0.000000 0.000000 0.989655 0.076419 -0.121423 0.252027 -0.077167 0.997017 -0.001459 -0.000122 0.120949 0.010813 0.992600 0.002100
0.626046 1.112971 0.500000 0.500000 0.000000 0.000000 0.987832 0.082479 -0.131851 0.275794 -0.083388 0.996516 -0.001381 -0.001785 0.131277 0.012359 0.991269 0.003851
0.626046 1.112971 0.500000 0.500000 0.000000 0.000000 0.985726 0.089065 -0.142872 0.299398 -0.090277 0.995915 -0.002006 -0.002865 0.142109 0.014876 0.989739 0.005392
0.626046 1.112971 0.500000 0.500000 0.000000 0.000000 0.983441 0.095700 -0.153897 0.323191 -0.097291 0.995252 -0.002823 -0.004223 0.152896 0.017749 0.988083 0.007069
0.626046 1.112971 0.500000 0.500000 0.000000 0.000000 0.980979 0.101766 -0.165299 0.347728 -0.103872 0.994582 -0.004120 -0.005445 0.163985 0.021212 0.986235 0.008909
0.626046 1.112971 0.500000 0.500000 0.000000 0.000000 0.978293 0.107875 -0.176933 0.371721 -0.110539 0.993858 -0.005240 -0.007091 0.175281 0.024684 0.984209 0.010349
0.626046 1.112971 0.500000 0.500000 0.000000 0.000000 0.975318 0.113304 -0.189518 0.395586 -0.116675 0.993148 -0.006687 -0.009149 0.187462 0.028634 0.981854 0.011607
0.626046 1.112971 0.500000 0.500000 0.000000 0.000000 0.971737 0.119055 -0.203847 0.419980 -0.123300 0.992336 -0.008205 -0.011229 0.201308 0.033107 0.978968 0.013089
0.626046 1.112971 0.500000 0.500000 0.000000 0.000000 0.969836 0.121974 -0.211047 0.431855 -0.126644 0.991910 -0.008706 -0.011997 0.208277 0.035171 0.977437 0.013503
0.626046 1.112971 0.500000 0.500000 0.000000 0.000000 0.965868 0.127219 -0.225641 0.455933 -0.132708 0.991112 -0.009267 -0.014596 0.222457 0.038896 0.974166 0.014846
0.626046 1.112971 0.500000 0.500000 0.000000 0.000000 0.961275 0.132861 -0.241452 0.479856 -0.139273 0.990207 -0.009609 -0.017285 0.237811 0.042865 0.970365 0.016078
0.626046 1.112971 0.500000 0.500000 0.000000 0.000000 0.956261 0.137947 -0.257946 0.504747 -0.145468 0.989310 -0.010208 -0.019778 0.253781 0.047285 0.966105 0.017502
0.626046 1.112971 0.500000 0.500000 0.000000 0.000000 0.950711 0.143216 -0.275022 0.530008 -0.151708 0.988377 -0.009743 -0.023816 0.270430 0.050986 0.961389 0.019234
0.626046 1.112971 0.500000 0.500000 0.000000 0.000000 0.944687 0.148231 -0.292563 0.555801 -0.157980 0.987393 -0.009843 -0.026747 0.287416 0.055518 0.956196 0.021300
0.626046 1.112971 0.500000 0.500000 0.000000 0.000000 0.938101 0.153313 -0.310584 0.581363 -0.164514 0.986324 -0.010026 -0.029291 0.304799 0.060501 0.950493 0.023592
0.626046 1.112971 0.500000 0.500000 0.000000 0.000000 0.931092 0.158149 -0.328721 0.606439 -0.170629 0.985292 -0.009273 -0.033838 0.322419 0.064723 0.944382 0.026211
0.626046 1.112971 0.500000 0.500000 0.000000 0.000000 0.927403 0.160330 -0.337962 0.619721 -0.173607 0.984772 -0.009219 -0.035450 0.331337 0.067222 0.941115 0.027652
0.626046 1.112971 0.500000 0.500000 0.000000 0.000000 0.919780 0.165019 -0.356052 0.645578 -0.179640 0.983699 -0.008146 -0.040073 0.348903 0.071454 0.934431 0.030777
0.626046 1.112971 0.500000 0.500000 0.000000 0.000000 0.911727 0.169900 -0.374014 0.670630 -0.186129 0.982497 -0.007412 -0.044056 0.366209 0.076373 0.927393 0.033509
0.626046 1.112971 0.500000 0.500000 0.000000 0.000000 0.903567 0.174467 -0.391317 0.695672 -0.192131 0.981350 -0.006108 -0.049293 0.382953 0.080703 0.920236 0.037247
0.626046 1.112971 0.500000 0.500000 0.000000 0.000000 0.895038 0.178672 -0.408635 0.721959 -0.197892 0.980212 -0.004856 -0.054345 0.399681 0.085212 0.912685 0.041329
0.626046 1.112971 0.500000 0.500000 0.000000 0.000000 0.886327 0.183099 -0.425321 0.747706 -0.203979 0.978969 -0.003630 -0.059169 0.415712 0.089974 0.905035 0.045593
0.626046 1.112971 0.500000 0.500000 0.000000 0.000000 0.877793 0.187542 -0.440802 0.771627 -0.209887 0.977724 -0.001980 -0.063908 0.430612 0.094257 0.897602 0.050230
0.626046 1.112971 0.500000 0.500000 0.000000 0.000000 0.868578 0.192101 -0.456803 0.795769 -0.215908 0.976414 0.000082 -0.069340 0.446045 0.098557 0.889568 0.054742
0.626046 1.112971 0.500000 0.500000 0.000000 0.000000 0.863998 0.194080 -0.464586 0.808254 -0.218676 0.975797 0.000963 -0.071981 0.453528 0.100762 0.885528 0.057760
0.626046 1.112971 0.500000 0.500000 0.000000 0.000000 0.854842 0.198467 -0.479434 0.832263 -0.224573 0.974453 0.002967 -0.077866 0.467774 0.105132 0.877573 0.062803
0.626046 1.112971 0.500000 0.500000 0.000000 0.000000 0.845235 0.202713 -0.494455 0.856114 -0.230418 0.973079 0.005052 -0.083847 0.482168 0.109661 0.869189 0.068014
0.626046 1.112971 0.500000 0.500000 0.000000 0.000000 0.835512 0.206863 -0.509045 0.879733 -0.236174 0.971684 0.007228 -0.089877 0.496126 0.114185 0.860710 0.073690
0.626046 1.112971 0.500000 0.500000 0.000000 0.000000 0.825708 0.211070 -0.523122 0.903297 -0.241741 0.970290 0.009924 -0.096960 0.509674 0.118266 0.852200 0.079916
0.626046 1.112971 0.500000 0.500000 0.000000 0.000000 0.816237 0.214923 -0.536251 0.926424 -0.246961 0.968946 0.012438 -0.103910 0.522271 0.122281 0.843967 0.086049
0.626046 1.112971 0.500000 0.500000 0.000000 0.000000 0.806273 0.219015 -0.549506 0.949035 -0.252383 0.967506 0.015302 -0.111173 0.535002 0.126349 0.835350 0.091759
0.626046 1.112971 0.500000 0.500000 0.000000 0.000000 0.795760 0.222697 -0.563180 0.971573 -0.257589 0.966086 0.018050 -0.117812 0.548100 0.130706 0.826137 0.098264
0.626046 1.112971 0.500000 0.500000 0.000000 0.000000 0.790420 0.224640 -0.569888 0.983236 -0.260445 0.965296 0.019273 -0.120957 0.554441 0.133191 0.821496 0.102003
0.626046 1.112971 0.500000 0.500000 0.000000 0.000000 0.780206 0.228268 -0.582385 1.006152 -0.265149 0.963942 0.022608 -0.129088 0.566547 0.136780 0.812598 0.109198
0.626046 1.112971 0.500000 0.500000 0.000000 0.000000 0.770758 0.231998 -0.593387 1.028084 -0.270308 0.962444 0.025182 -0.135979 0.576945 0.140988 0.804523 0.116676
0.626046 1.112971 0.500000 0.500000 0.000000 0.000000 0.760290 0.235097 -0.605548 1.050716 -0.275741 0.960857 0.026838 -0.140506 0.588155 0.146570 0.795356 0.125336
0.626046 1.112971 0.500000 0.500000 0.000000 0.000000 0.750057 0.238770 -0.616768 1.071595 -0.280940 0.959265 0.029708 -0.147626 0.598737 0.150992 0.786584 0.133040
