0.477737 0.849310 0.500000 0.500000 0.000000 0.000000 1.000000 -0.000000 -0.000000 0.000000 0.000000 1.000000 0.000000 -0.000000 -0.000000 -0.000000 1.000000 0.000000
0.477737 0.849310 0.500000 0.500000 0.000000 0.000000 0.999915 0.001198 -0.012960 0.012737 -0.001204 0.999999 -0.000453 -0.008929 0.012959 0.000469 0.999916 0.035683
0.477737 0.849310 0.500000 0.500000 0.000000 0.000000 0.999696 0.002257 -0.024549 0.025917 -0.002277 0.999997 -0.000821 -0.018750 0.024547 0.000877 0.999698 0.070840
0.477737 0.849310 0.500000 0.500000 0.000000 0.000000 0.999351 0.003395 -0.035864 0.040524 -0.003424 0.999994 -0.000728 -0.027123 0.035862 0.000851 0.999356 0.106536
0.477737 0.849310 0.500000 0.500000 0.000000 0.000000 0.999141 0.004118 -0.041231 0.047853 -0.004174 0.999990 -0.001273 -0.030475 0.041225 0.001444 0.999149 0.125064
0.477737 0.849310 0.500000 0.500000 0.000000 0.000000 0.998640 0.004868 -0.051903 0.063964 -0.004956 0.999986 -0.001573 -0.034920 0.051894 0.001828 0.998651 0.163213
0.477737 0.849310 0.500000 0.500000 0.000000 0.000000 0.998001 0.006006 -0.062909 0.081507 -0.006126 0.999980 -0.001714 -0.037583 0.062898 0.002096 0.998018 0.204559
0.477737 0.849310 0.500000 0.500000 0.000000 0.000000 0.997194 0.007129 -0.074520 0.100189 -0.007334 0.999970 -0.002470 -0.038511 0.074500 0.003009 0.997216 0.248243
0.477737 0.849310 0.500000 0.500000 0.000000 0.000000 0.996136 0.008069 -0.087449 0.119601 -0.008307 0.999963 -0.002358 -0.039311 0.087427 0.003075 0.996166 0.294039
0.477737 0.849310 0.500000 0.500000 0.000000 0.000000 0.994722 0.009584 -0.102153 0.141254 -0.009907 0.999947 -0.002656 -0.041773 0.102122 0.003654 0.994765 0.339906
0.477737 0.849310 0.500000 0.500000 0.000000 0.000000 0.992929 0.010579 -0.118234 0.164036 -0.010924 0.999938 -0.002274 -0.048083 0.118203 0.003549 0.992983 0.385859
0.477737 0.849310 0.500000 0.500000 0.000000 0.000000 0.990842 0.011782 -0.134512 0.185403 -0.012297 0.999920 -0.002995 -0.057254 0.134466 0.004622 0.990907 0.431823
0.477737 0.849310 0.500000 0.500000 0.000000 0.000000 0.989581 0.012801 -0.143404 0.195589 -0.013394 0.999905 -0.003168 -0.062770 0.143350 0.005055 0.989659 0.455004
0.477737 0.849310 0.500000 0.500000 0.000000 0.000000 0.986726 0.014588 -0.161737 0.215954 -0.015497 0.999870 -0.004358 -0.072551 0.161652 0.006807 0.986824 0.502409
0.477737 0.849310 0.500000 0.500000 0.000000 0.000000 0.983643 0.016042 -0.179411 0.235701 -0.017027 0.999847 -0.003948 -0.079500 0.179320 0.006938 0.983766 0.551084
0.477737 0.849310 0.500000 0.500000 0.000000 0.000000 0.980451 0.018301 -0.195911 0.253483 -0.019375 0.999806 -0.003566 -0.086517 0.195808 0.007292 0.980615 0.598656
0.477737 0.849310 0.500000 0.500000 0.000000 0.000000 0.977197 0.019795 -0.211408 0.267566 -0.021047 0.999772 -0.003675 -0.090746 0.211287 0.008041 0.977391 0.644449
0.477737 0.849310 0.500000 0.500000 0.000000 0.000000 0.973869 0.021259 -0.226113 0.281240 -0.022673 0.999736 -0.003658 -0.094417 0.225975 0.008689 0.974094 0.689828
0.477737 0.849310 0.500000 0.500000 0.000000 0.000000 0.971016 0.022753 -0.237927 0.294774 -0.024426 0.999693 -0.004088 -0.097013 0.237761 0.009781 0.971275 0.734818
0.477737 0.849310 0.500000 0.500000 0.000000 0.000000 0.968484 0.023377 -0.247975 0.306818 -0.025192 0.999674 -0.004147 -0.098347 0.247798 0.010264 0.968757 0.782875
0.477737 0.849310 0.500000 0.500000 0.000000 0.000000 0.967186 0.023975 -0.252937 0.312200 -0.025838 0.999658 -0.004043 -0.098720 0.252753 0.010446 0.967474 0.807375
0.477737 0.849310 0.500000 0.500000 0.000000 0.000000 0.964365 0.025084 -0.263384 0.321908 -0.027141 0.999623 -0.004175 -0.099324 0.263180 0.011174 0.964682 0.857908
0.477737 0.849310 0.500000 0.500000 0.000000 0.000000 0.961378 0.025898 -0.274009 0.329951 -0.028153 0.999594 -0.004301 -0.102448 0.273786 0.011849 0.961718 0.910743
0.477737 0.849310 0.500000 0.500000 0.000000 0.000000 0.958206 0.026831 -0.284817 0.335955 -0.029246 0.999563 -0.004229 -0.108451 0.284579 0.012382 0.958573 0.964920
0.477737 0.849310 0.500000 0.500000 0.000000 0.000000 0.954646 0.028331 -0.296391 0.340870 -0.030925 0.999513 -0.004068 -0.116027 0.296132 0.013050 0.955058 1.019504
0.477737 0.849310 0.500000 0.500000 0.000000 0.000000 0.951143 0.029166 -0.307370 0.344250 -0.032205 0.999470 -0.004820 -0.125016 0.307066 0.014483 0.951578 1.073207
0.477737 0.849310 0.500000 0.500000 0.000000 0.000000 0.947942 0.030009 -0.317027 0.347776 -0.033068 0.999444 -0.004273 -0.132747 0.316722 0.014534 0.948407 1.125245
0.477737 0.849310 0.500000 0.500000 0.000000 0.000000 0.944856 0.030833 -0.326031 0.350053 -0.033963 0.999415 -0.003911 -0.140439 0.325720 0.014769 0.945351 1.176845
0.477737 0.849310 0.500000 0.500000 0.000000 0.000000 0.943331 0.030951 -0.330408 0.349985 -0.034273 0.999404 -0.004229 -0.143460 0.330080 0.015314 0.943829 1.202211
0.477737 0.849310 0.500000 0.500000 0.000000 0.000000 0.940238 0.031594 -0.339048 0.350124 -0.035217 0.999369 -0.004537 -0.150646 0.338691 0.016206 0.940758 1.251543
0.477737 0.849310 0.500000 0.500000 0.000000 0.000000 0.936946 0.032581 -0.347952 0.350213 -0.036452 0.999325 -0.004581 -0.155994 0.347568 0.016976 0.937501 1.301848
0.477737 0.849310 0.500000 0.500000 0.000000 0.000000 0.933802 0.033418 -0.356225 0.349397 -0.037386 0.999292 -0.004258 -0.160371 0.355831 0.017294 0.934390 1.354229
0.477737 0.849310 0.500000 0.500000 0.000000 0.000000 0.930411 0.034216 -0.364917 0.347414 -0.038344 0.999256 -0.004070 -0.161386 0.364507 0.017780 0.931031 1.409197
0.477737 0.849310 0.500000 0.500000 0.000000 0.000000 0.926657 0.035240 -0.374253 0.345650 -0.039530 0.999211 -0.003790 -0.161596 0.373824 0.018306 0.927319 1.466257
0.477737 0.849310 0.500000 0.500000 0.000000 0.000000 0.922866 0.036219 -0.383415 0.344432 -0.040630 0.999168 -0.003408 -0.163195 0.382972 0.018724 0.923570 1.525748
0.477737 0.849310 0.500000 0.500000 0.000000 0.000000 0.918845 0.037104 -0.392871 0.344478 -0.041623 0.999129 -0.002987 -0.166638 0.392418 0.019097 0.919589 1.587358
0.477737 0.849310 0.500000 0.500000 0.000000 0.000000 0.916628 0.037614 -0.397968 0.344710 -0.042344 0.999098 -0.003099 -0.169051 0.397493 0.019692 0.917394 1.618612
0.477737 0.849310 0.500000 0.500000 0.000000 0.000000 0.911931 0.038554 -0.408529 0.345586 -0.043511 0.999049 -0.002844 -0.177032 0.408030 0.020369 0.912741 1.680971
0.477737 0.849310 0.500000 0.500000 0.000000 0.000000 0.907689 0.039873 -0.417744 0.345402 -0.044879 0.998990 -0.002162 -0.186324 0.417236 0.020711 0.908562 1.743520
0.477737 0.849310 0.500000 0.500000 0.000000 0.000000 0.902917 0.040190 -0.427931 0.344700 -0.045882 0.998942 -0.002992 -0.195634 0.427358 0.022336 0.903807 1.805539
0.477737 0.849310 0.500000 0.500000 0.000000 0.000000 0.898251 0.041594 -0.437509 0.342883 -0.047243 0.998881 -0.002030 -0.204524 0.436935 0.022493 0.899212 1.867171
0.477737 0.849310 0.500000 0.500000 0.000000 0.000000 0.894440 0.042603 -0.445154 0.338272 -0.048480 0.998823 -0.001819 -0.213010 0.444552 0.023208 0.895452 1.926459
0.477737 0.849310 0.500000 0.500000 0.000000 0.000000 0.890753 0.043302 -0.452420 0.332487 -0.049231 0.998787 -0.001334 -0.221921 0.451814 0.023462 0.891804 1.983956
0.477737 0.849310 0.500000 0.500000 0.000000 0.000000 0.887577 0.043707 -0.458582 0.324376 -0.050106 0.998742 -0.001790 -0.230050 0.457927 0.024566 0.888651 2.040565
0.477737 0.849310 0.500000 0.500000 0.000000 0.000000 0.886246 0.043864 -0.461134 0.319251 -0.050196 0.998738 -0.001470 -0.234455 0.460487 0.024450 0.887329 2.068950
0.477737 0.849310 0.500000 0.500000 0.000000 0.000000 0.883926 0.044463 -0.465508 0.309211 -0.050954 0.998700 -0.001364 -0.240506 0.464843 0.024925 0.885042 2.126600
0.477737 0.849310 0.500000 0.500000 0.000000 0.000000 0.882454 0.045294 -0.468214 0.296239 -0.051677 0.998664 -0.000788 -0.246250 0.467552 0.024891 0.883615 2.184092
0.477737 0.849310 0.500000 0.500000 0.000000 0.000000 0.881499 0.044897 -0.470047 0.281222 -0.051360 0.998680 -0.000928 -0.251009 0.469384 0.024960 0.882641 2.242193
0.477737 0.849310 0.500000 0.500000 0.000000 0.000000 0.881078 0.045582 -0.470769 0.263367 -0.051789 0.998658 -0.000232 -0.256198 0.470126 0.024585 0.882257 2.299598
