0.487073 0.865907 0.500000 0.500000 0.000000 0.000000 1.000000 -0.000000 0.000000 -0.000000 -0.000000 1.000000 0.000000 -0.000000 -0.000000 0.000000 1.000000 0.000000
0.487073 0.865907 0.500000 0.500000 0.000000 0.000000 0.999993 -0.000067 -0.003871 0.008413 0.000067 1.000000 -0.000029 0.000107 0.003871 0.000028 0.999992 0.023519
0.487073 0.865907 0.500000 0.500000 0.000000 0.000000 0.999969 -0.000147 -0.007811 0.017213 0.000148 1.000000 0.000078 0.000021 0.007811 -0.000079 0.999969 0.046643
0.487073 0.865907 0.500000 0.500000 0.000000 0.000000 0.999924 -0.000126 -0.012340 0.026019 0.000128 1.000000 0.000131 -0.000829 0.012340 -0.000133 0.999924 0.069817
0.487073 0.865907 0.500000 0.500000 0.000000 0.000000 0.999891 -0.000072 -0.014766 0.030358 0.000077 1.000000 0.000333 -0.001829 0.014766 -0.000334 0.999891 0.081205
0.487073 0.865907 0.500000 0.500000 0.000000 0.000000 0.999805 -0.000003 -0.019755 0.039418 0.000009 1.000000 0.000298 -0.003285 0.019755 -0.000298 0.999805 0.103586
0.487073 0.865907 0.500000 0.500000 0.000000 0.000000 0.999693 0.000046 -0.024793 0.047365 -0.000032 1.000000 0.000572 -0.004427 0.024793 -0.000571 0.999692 0.126135
0.487073 0.865907 0.500000 0.500000 0.000000 0.000000 0.999541 0.000337 -0.030287 0.055426 -0.000317 1.000000 0.000660 -0.005185 0.030287 -0.000651 0.999541 0.147793
0.487073 0.865907 0.500000 0.500000 0.000000 0.000000 0.999358 0.000636 -0.035816 0.063492 -0.000613 1.000000 0.000665 -0.005049 0.035817 -0.000643 0.999358 0.168949
0.487073 0.865907 0.500000 0.500000 0.000000 0.000000 0.999150 0.001274 -0.041200 0.071373 -0.001251 0.999999 0.000588 -0.004430 0.041201 -0.000536 0.999151 0.190637
0.487073 0.865907 0.500000 0.500000 0.000000 0.000000 0.998912 0.001616 -0.046598 0.079004 -0.001589 0.999999 0.000618 -0.003285 0.046599 -0.000543 0.998914 0.212492
0.487073 0.865907 0.500000 0.500000 0.000000 0.000000 0.998627 0.001576 -0.052353 0.086657 -0.001535 0.999998 0.000834 -0.002284 0.052354 -0.000752 0.998628 0.235898
0.487073 0.865907 0.500000 0.500000 0.000000 0.000000 0.998460 0.001718 -0.055452 0.090627 -0.001674 0.999998 0.000838 -0.001442 0.055454 -0.000744 0.998461 0.247737
0.487073 0.865907 0.500000 0.500000 0.000000 0.000000 0.998111 0.002212 -0.061390 0.098792 -0.002143 0.999997 0.001184 -0.000719 0.061393 -0.001050 0.998113 0.271429
0.487073 0.865907 0.500000 0.500000 0.000000 0.000000 0.997720 0.002449 -0.067450 0.106658 -0.002346 0.999996 0.001616 -0.000998 0.067454 -0.001454 0.997721 0.295246
0.487073 0.865907 0.500000 0.500000 0.000000 0.000000 0.997277 0.002883 -0.073694 0.113970 -0.002766 0.999995 0.001699 -0.002037 0.073698 -0.001491 0.997279 0.318133
0.487073 0.865907 0.500000 0.500000 0.000000 0.000000 0.996803 0.003168 -0.079841 0.121414 -0.003026 0.999994 0.001899 -0.004463 0.079847 -0.001651 0.996806 0.340820
0.487073 0.865907 0.500000 0.500000 0.000000 0.000000 0.996297 0.003087 -0.085925 0.128562 -0.002931 0.999994 0.001940 -0.006819 0.085931 -0.001681 0.996300 0.362690
0.487073 0.865907 0.500000 0.500000 0.000000 0.000000 0.995720 0.002989 -0.092376 0.135977 -0.002812 0.999994 0.002051 -0.008642 0.092382 -0.001782 0.995722 0.384243
0.487073 0.865907 0.500000 0.500000 0.000000 0.000000 0.995089 0.003298 -0.098926 0.144240 -0.003095 0.999993 0.002205 -0.009521 0.098933 -0.001888 0.995092 0.405250
0.487073 0.865907 0.500000 0.500000 0.000000 0.000000 0.994767 0.003411 -0.102114 0.148256 -0.003184 0.999992 0.002386 -0.009572 0.102121 -0.002048 0.994770 0.416119
0.487073 0.865907 0.500000 0.500000 0.000000 0.000000 0.994094 0.003702 -0.108459 0.156371 -0.003437 0.999991 0.002630 -0.009422 0.108468 -0.002242 0.994097 0.438032
0.487073 0.865907 0.500000 0.500000 0.000000 0.000000 0.993385 0.004156 -0.114760 0.164722 -0.003877 0.999989 0.002655 -0.008917 0.114769 -0.002193 0.993390 0.460526
0.487073 0.865907 0.500000 0.500000 0.000000 0.000000 0.992639 0.004737 -0.121015 0.172994 -0.004419 0.999986 0.002894 -0.008599 0.121027 -0.002338 0.992646 0.483269
0.487073 0.865907 0.500000 0.500000 0.000000 0.000000 0.991839 0.004862 -0.127408 0.181286 -0.004501 0.999985 0.003118 -0.008920 0.127421 -0.002519 0.991845 0.506236
0.487073 0.865907 0.500000 0.500000 0.000000 0.000000 0.990903 0.004855 -0.134493 0.189468 -0.004456 0.999985 0.003266 -0.009716 0.134507 -0.002637 0.990909 0.528699
0.487073 0.865907 0.500000 0.500000 0.000000 0.000000 0.989885 0.005220 -0.141776 0.197865 -0.004793 0.999983 0.003353 -0.010967 0.141791 -0.002639 0.989893 0.549838
0.487073 0.865907 0.500000 0.500000 0.000000 0.000000 0.988703 0.005622 -0.149784 0.205777 -0.005147 0.999980 0.003559 -0.011966 0.149802 -0.002748 0.988712 0.572508
0.487073 0.865907 0.500000 0.500000 0.000000 0.000000 0.988081 0.005689 -0.153832 0.209163 -0.005180 0.999980 0.003711 -0.012641 0.153850 -0.002870 0.988090 0.582938
0.487073 0.865907 0.500000 0.500000 0.000000 0.000000 0.986728 0.005749 -0.162283 0.215731 -0.005187 0.999979 0.003889 -0.013143 0.162301 -0.002996 0.986737 0.603538
0.487073 0.865907 0.500000 0.500000 0.000000 0.000000 0.985283 0.006069 -0.170823 0.222276 -0.005436 0.999977 0.004177 -0.013684 0.170844 -0.003187 0.985293 0.623985
0.487073 0.865907 0.500000 0.500000 0.000000 0.000000 0.983753 0.006457 -0.179414 0.229013 -0.005784 0.999974 0.004269 -0.013588 0.179437 -0.003162 0.983764 0.644438
0.487073 0.865907 0.500000 0.500000 0.000000 0.000000 0.982135 0.006875 -0.188050 0.235740 -0.006108 0.999971 0.004659 -0.013266 0.188077 -0.003428 0.982148 0.665830
0.487073 0.865907 0.500000 0.500000 0.000000 0.000000 0.980447 0.007433 -0.196645 0.242610 -0.006603 0.999966 0.004876 -0.012657 0.196674 -0.003482 0.980463 0.687916
0.487073 0.865907 0.500000 0.500000 0.000000 0.000000 0.978732 0.008230 -0.204978 0.249394 -0.007276 0.999959 0.005410 -0.012172 0.205014 -0.003804 0.978752 0.710373
0.487073 0.865907 0.500000 0.500000 0.000000 0.000000 0.976884 0.008625 -0.213595 0.255357 -0.007538 0.999954 0.005905 -0.012398 0.213636 -0.004159 0.976904 0.733121
0.487073 0.865907 0.500000 0.500000 0.000000 0.000000 0.975920 0.008919 -0.217947 0.258302 -0.007762 0.999951 0.006164 -0.012921 0.217991 -0.004324 0.975941 0.744588
0.487073 0.865907 0.500000 0.500000 0.000000 0.000000 0.974000 0.009511 -0.226347 0.264817 -0.008238 0.999945 0.006566 -0.014538 0.226397 -0.004531 0.974024 0.767239
0.487073 0.865907 0.500000 0.500000 0.000000 0.000000 0.972109 0.009844 -0.234323 0.271050 -0.008506 0.999941 0.006720 -0.016160 0.234375 -0.004539 0.972136 0.789496
0.487073 0.865907 0.500000 0.500000 0.000000 0.000000 0.970225 0.010039 -0.241997 0.277051 -0.008593 0.999938 0.007033 -0.018084 0.242053 -0.004744 0.970251 0.810735
0.487073 0.865907 0.500000 0.500000 0.000000 0.000000 0.968345 0.009942 -0.249417 0.282961 -0.008392 0.999938 0.007278 -0.019448 0.249474 -0.004954 0.968369 0.831122
0.487073 0.865907 0.500000 0.500000 0.000000 0.000000 0.966540 0.010364 -0.256305 0.289047 -0.008765 0.999934 0.007381 -0.020132 0.256365 -0.004887 0.966568 0.851752
0.487073 0.865907 0.500000 0.500000 0.000000 0.000000 0.964833 0.010630 -0.262648 0.295095 -0.008975 0.999932 0.007503 -0.019948 0.262709 -0.004882 0.964863 0.872784
0.487073 0.865907 0.500000 0.500000 0.000000 0.000000 0.962990 0.010885 -0.269318 0.301143 -0.009165 0.999929 0.007642 -0.019360 0.269382 -0.004891 0.963021 0.894089
0.487073 0.865907 0.500000 0.500000 0.000000 0.000000 0.962051 0.011093 -0.272643 0.303830 -0.009313 0.999926 0.007822 -0.019167 0.272710 -0.004986 0.962083 0.905359
0.487073 0.865907 0.500000 0.500000 0.000000 0.000000 0.960104 0.011404 -0.279412 0.310627 -0.009551 0.999922 0.007990 -0.018652 0.279481 -0.005003 0.960138 0.927948
0.487073 0.865907 0.500000 0.500000 0.000000 0.000000 0.958168 0.011632 -0.285970 0.316825 -0.009624 0.999918 0.008425 -0.018761 0.286044 -0.005321 0.958202 0.951114
0.487073 0.865907 0.500000 0.500000 0.000000 0.000000 0.956013 0.011773 -0.293086 0.322737 -0.009653 0.999916 0.008679 -0.019767 0.293164 -0.005468 0.956047 0.973885
0.487073 0.865907 0.500000 0.500000 0.000000 0.000000 0.953713 0.011905 -0.300484 0.328704 -0.009704 0.999914 0.008816 -0.020841 0.300563 -0.005492 0.953746 0.997058
