0.485181 0.862545 0.500000 0.500000 0.000000 0.000000 1.000000 -0.000000 -0.000000 0.000000 0.000000 1.000000 -0.000000 0.000000 0.000000 0.000000 1.000000 0.000000
0.485181 0.862545 0.500000 0.500000 0.000000 0.000000 0.999999 0.000951 0.001169 -0.004064 -0.000951 0.999999 -0.000397 0.000736 -0.001169 0.000396 0.999999 0.064782
0.485181 0.862545 0.500000 0.500000 0.000000 0.000000 0.999996 0.001351 0.002598 -0.008417 -0.001351 0.999999 0.000342 -0.003265 -0.002598 -0.000345 0.999997 0.124665
0.485181 0.862545 0.500000 0.500000 0.000000 0.000000 0.999990 0.001634 0.004188 -0.009776 -0.001631 0.999998 -0.000796 -0.004510 -0.004189 0.000790 0.999991 0.184881
0.485181 0.862545 0.500000 0.500000 0.000000 0.000000 0.999984 0.001933 0.005238 -0.011655 -0.001927 0.999997 -0.001150 -0.004545 -0.005240 0.001140 0.999986 0.212503
0.485181 0.862545 0.500000 0.500000 0.000000 0.000000 0.999962 0.001789 0.008476 -0.015073 -0.001776 0.999997 -0.001466 -0.010239 -0.008478 0.001451 0.999963 0.297190
0.485181 0.862545 0.500000 0.500000 0.000000 0.000000 0.999951 0.002400 0.009551 -0.014875 -0.002384 0.999996 -0.001695 -0.010922 -0.009555 0.001672 0.999953 0.324394
0.485181 0.862545 0.500000 0.500000 0.000000 0.000000 0.999923 0.002108 0.012239 -0.017903 -0.002083 0.999996 -0.002061 -0.010383 -0.012243 0.002035 0.999923 0.380847
0.485181 0.862545 0.500000 0.500000 0.000000 0.000000 0.999900 0.002166 0.013979 -0.017916 -0.002138 0.999996 -0.002004 -0.012809 -0.013983 0.001974 0.999900 0.436811
0.485181 0.862545 0.500000 0.500000 0.000000 0.000000 0.999858 0.001993 0.016712 -0.020435 -0.001952 0.999995 -0.002452 -0.012087 -0.016717 0.002419 0.999857 0.493293
0.485181 0.862545 0.500000 0.500000 0.000000 0.000000 0.999815 0.002853 0.019042 -0.020545 -0.002793 0.999991 -0.003176 -0.011178 -0.019051 0.003122 0.999814 0.552191
0.485181 0.862545 0.500000 0.500000 0.000000 0.000000 0.999796 0.002648 0.020033 -0.016823 -0.002603 0.999994 -0.002281 -0.013693 -0.020039 0.002228 0.999797 0.609231
0.485181 0.862545 0.500000 0.500000 0.000000 0.000000 0.999760 0.002187 0.021797 -0.018031 -0.002132 0.999994 -0.002563 -0.013898 -0.021803 0.002516 0.999759 0.638297
0.485181 0.862545 0.500000 0.500000 0.000000 0.000000 0.999695 0.002384 0.024577 -0.016319 -0.002321 0.999994 -0.002585 -0.017190 -0.024583 0.002527 0.999695 0.695850
0.485181 0.862545 0.500000 0.500000 0.000000 0.000000 0.999656 0.002033 0.026148 -0.011809 -0.001984 0.999996 -0.001895 -0.023113 -0.026152 0.001842 0.999656 0.750447
0.485181 0.862545 0.500000 0.500000 0.000000 0.000000 0.999606 0.002249 0.027971 -0.009498 -0.002182 0.999995 -0.002434 -0.028415 -0.027976 0.002372 0.999606 0.802388
0.485181 0.862545 0.500000 0.500000 0.000000 0.000000 0.999529 0.003045 0.030532 -0.008741 -0.002949 0.999991 -0.003193 -0.032835 -0.030541 0.003102 0.999529 0.851762
0.485181 0.862545 0.500000 0.500000 0.000000 0.000000 0.999457 0.002740 0.032821 -0.008749 -0.002644 0.999992 -0.002973 -0.038742 -0.032829 0.002884 0.999457 0.897892
0.485181 0.862545 0.500000 0.500000 0.000000 0.000000 0.999406 0.002767 0.034352 -0.010703 -0.002650 0.999991 -0.003440 -0.041938 -0.034361 0.003347 0.999404 0.942641
0.485181 0.862545 0.500000 0.500000 0.000000 0.000000 0.999328 0.003142 0.036508 -0.012679 -0.003002 0.999988 -0.003889 -0.041761 -0.036520 0.003777 0.999326 0.987583
0.485181 0.862545 0.500000 0.500000 0.000000 0.000000 0.999238 0.004460 0.038768 -0.014283 -0.004301 0.999982 -0.004179 -0.042934 -0.038786 0.004009 0.999240 1.030917
0.485181 0.862545 0.500000 0.500000 0.000000 0.000000 0.999184 0.004165 0.040181 -0.015295 -0.003991 0.999982 -0.004424 -0.042554 -0.040199 0.004260 0.999183 1.052545
0.485181 0.862545 0.500000 0.500000 0.000000 0.000000 0.999103 0.003638 0.042177 -0.014419 -0.003459 0.999985 -0.004316 -0.042578 -0.042192 0.004166 0.999101 1.097377
0.485181 0.862545 0.500000 0.500000 0.000000 0.000000 0.998979 0.004848 0.044923 -0.016962 -0.004621 0.999976 -0.005154 -0.039558 -0.044946 0.004941 0.998977 1.142034
0.485181 0.862545 0.500000 0.500000 0.000000 0.000000 0.998843 0.005107 0.047808 -0.020347 -0.004880 0.999976 -0.004869 -0.039968 -0.047832 0.004630 0.998845 1.186319
0.485181 0.862545 0.500000 0.500000 0.000000 0.000000 0.998729 0.005086 0.050144 -0.022800 -0.004828 0.999974 -0.005267 -0.040132 -0.050169 0.005018 0.998728 1.230976
0.485181 0.862545 0.500000 0.500000 0.000000 0.000000 0.998544 0.004754 0.053736 -0.026974 -0.004502 0.999978 -0.004811 -0.040736 -0.053758 0.004562 0.998544 1.274744
0.485181 0.862545 0.500000 0.500000 0.000000 0.000000 0.998338 0.003981 0.057492 -0.031516 -0.003660 0.999977 -0.005686 -0.039600 -0.057513 0.005466 0.998330 1.316581
0.485181 0.862545 0.500000 0.500000 0.000000 0.000000 0.998230 0.003710 0.059363 -0.034009 -0.003387 0.999979 -0.005531 -0.040036 -0.059383 0.005320 0.998221 1.336201
0.485181 0.862545 0.500000 0.500000 0.000000 0.000000 0.997961 0.004389 0.063681 -0.038818 -0.004016 0.999974 -0.005976 -0.040770 -0.063705 0.005709 0.997952 1.373317
0.485181 0.862545 0.500000 0.500000 0.000000 0.000000 0.997701 0.002959 0.067704 -0.040976 -0.002525 0.999976 -0.006498 -0.042794 -0.067721 0.006312 0.997684 1.406825
0.485181 0.862545 0.500000 0.500000 0.000000 0.000000 0.997336 0.003108 0.072873 -0.043404 -0.002570 0.999969 -0.007479 -0.041889 -0.072894 0.007272 0.997313 1.438142
0.485181 0.862545 0.500000 0.500000 0.000000 0.000000 0.996935 0.001958 0.078204 -0.044723 -0.001292 0.999962 -0.008563 -0.041551 -0.078218 0.008436 0.996901 1.468493
0.485181 0.862545 0.500000 0.500000 0.000000 0.000000 0.996539 0.001715 0.083109 -0.044687 -0.000990 0.999961 -0.008770 -0.040916 -0.083121 0.008658 0.996502 1.497284
0.485181 0.862545 0.500000 0.500000 0.000000 0.000000 0.996010 0.000992 0.089240 -0.044670 -0.000139 0.999954 -0.009566 -0.039415 -0.089245 0.009515 0.995964 1.525691
0.485181 0.862545 0.500000 0.500000 0.000000 0.000000 0.995440 0.000409 0.095393 -0.043966 0.000547 0.999950 -0.009993 -0.038787 -0.095393 0.009999 0.995390 1.553025
0.485181 0.862545 0.500000 0.500000 0.000000 0.000000 0.995127 -0.000495 0.098602 -0.043629 0.001480 0.999950 -0.009916 -0.040019 -0.098592 0.010014 0.995078 1.567194
0.485181 0.862545 0.500000 0.500000 0.000000 0.000000 0.994457 -0.001029 0.105139 -0.042453 0.002172 0.999940 -0.010754 -0.038815 -0.105121 0.010923 0.994399 1.595717
0.485181 0.862545 0.500000 0.500000 0.000000 0.000000 0.993769 -0.001989 0.111439 -0.040834 0.003221 0.999936 -0.010880 -0.038869 -0.111411 0.011171 0.993712 1.623076
0.485181 0.862545 0.500000 0.500000 0.000000 0.000000 0.993081 -0.002525 0.117403 -0.037610 0.003893 0.999927 -0.011430 -0.038010 -0.117365 0.011808 0.993019 1.652861
0.485181 0.862545 0.500000 0.500000 0.000000 0.000000 0.992336 -0.003328 0.123523 -0.035369 0.004860 0.999915 -0.012103 -0.038383 -0.123472 0.012611 0.992268 1.681466
0.485181 0.862545 0.500000 0.500000 0.000000 0.000000 0.991646 -0.003863 0.128932 -0.030783 0.005461 0.999913 -0.012044 -0.038418 -0.128874 0.012647 0.991580 1.712980
0.485181 0.862545 0.500000 0.500000 0.000000 0.000000 0.990858 -0.004182 0.134846 -0.027447 0.005922 0.999904 -0.012507 -0.038177 -0.134781 0.013191 0.990788 1.742178
0.485181 0.862545 0.500000 0.500000 0.000000 0.000000 0.990097 -0.004550 0.140308 -0.023629 0.006371 0.999901 -0.012530 -0.038000 -0.140238 0.013300 0.990029 1.772753
0.485181 0.862545 0.500000 0.500000 0.000000 0.000000 0.989709 -0.004503 0.143024 -0.021398 0.006402 0.999897 -0.012823 -0.036700 -0.142951 0.013607 0.989636 1.789764
0.485181 0.862545 0.500000 0.500000 0.000000 0.000000 0.988933 -0.005238 0.148269 -0.016446 0.007263 0.999887 -0.013122 -0.037431 -0.148183 0.014054 0.988860 1.817507
0.485181 0.862545 0.500000 0.500000 0.000000 0.000000 0.988096 -0.005693 0.153735 -0.014576 0.007759 0.999887 -0.012841 -0.040323 -0.153644 0.013881 0.988029 1.845693
0.485181 0.862545 0.500000 0.500000 0.000000 0.000000 0.987444 -0.005969 0.157857 -0.010907 0.008159 0.999879 -0.013229 -0.041469 -0.157759 0.014350 0.987373 1.874296
0.485181 0.862545 0.500000 0.500000 0.000000 0.000000 0.986728 -0.006071 0.162265 -0.007846 0.008365 0.999874 -0.013456 -0.041462 -0.162163 0.014635 0.986655 1.901476
