0.499282 0.887612 0.500000 0.500000 0.000000 0.000000 1.000000 0.000000 -0.000000 0.000000 -0.000000 1.000000 -0.000000 0.000000 0.000000 0.000000 1.000000 0.000000
0.499282 0.887612 0.500000 0.500000 0.000000 0.000000 0.999998 -0.000485 0.001717 -0.000326 0.000484 1.000000 0.000292 -0.005131 -0.001717 -0.000291 0.999998 0.000463
0.499282 0.887612 0.500000 0.500000 0.000000 0.000000 0.999994 -0.000879 0.003249 -0.000639 0.000880 1.000000 -0.000331 -0.010310 -0.003249 0.000334 0.999995 0.001323
0.499282 0.887612 0.500000 0.500000 0.000000 0.000000 0.999987 -0.001288 0.004904 -0.002084 0.001295 0.999998 -0.001527 -0.014493 -0.004902 0.001533 0.999987 0.002659
0.499282 0.887612 0.500000 0.500000 0.000000 0.000000 0.999985 -0.001432 0.005191 -0.002268 0.001441 0.999997 -0.001717 -0.016827 -0.005189 0.001724 0.999985 0.003490
0.499282 0.887612 0.500000 0.500000 0.000000 0.000000 0.999980 -0.001750 0.006089 -0.003092 0.001768 0.999994 -0.002828 -0.021230 -0.006084 0.002839 0.999977 0.005676
0.499282 0.887612 0.500000 0.500000 0.000000 0.000000 0.999971 -0.001982 0.007380 -0.004578 0.002010 0.999991 -0.003803 -0.025205 -0.007372 0.003817 0.999966 0.008331
0.499282 0.887612 0.500000 0.500000 0.000000 0.000000 0.999958 -0.002291 0.008838 -0.006178 0.002335 0.999985 -0.004902 -0.028590 -0.008826 0.004922 0.999949 0.011336
0.499282 0.887612 0.500000 0.500000 0.000000 0.000000 0.999943 -0.002597 0.010402 -0.007941 0.002661 0.999978 -0.006145 -0.031734 -0.010386 0.006173 0.999927 0.014651
0.499282 0.887612 0.500000 0.500000 0.000000 0.000000 0.999928 -0.002812 0.011660 -0.010335 0.002895 0.999971 -0.007112 -0.034391 -0.011640 0.007145 0.999907 0.018595
0.499282 0.887612 0.500000 0.500000 0.000000 0.000000 0.999911 -0.003045 0.012957 -0.013843 0.003149 0.999963 -0.008000 -0.036580 -0.012932 0.008040 0.999884 0.023446
0.499282 0.887612 0.500000 0.500000 0.000000 0.000000 0.999897 -0.003283 0.014000 -0.016906 0.003408 0.999954 -0.008950 -0.038224 -0.013970 0.008997 0.999862 0.029333
0.499282 0.887612 0.500000 0.500000 0.000000 0.000000 0.999888 -0.003415 0.014566 -0.018593 0.003554 0.999949 -0.009502 -0.039231 -0.014533 0.009553 0.999849 0.032427
0.499282 0.887612 0.500000 0.500000 0.000000 0.000000 0.999869 -0.003590 0.015797 -0.022067 0.003751 0.999941 -0.010200 -0.040974 -0.015759 0.010258 0.999823 0.038822
0.499282 0.887612 0.500000 0.500000 0.000000 0.000000 0.999850 -0.003858 0.016863 -0.025543 0.004043 0.999932 -0.010964 -0.043269 -0.016820 0.011030 0.999798 0.045734
0.499282 0.887612 0.500000 0.500000 0.000000 0.000000 0.999825 -0.004067 0.018272 -0.029945 0.004285 0.999920 -0.011923 -0.045360 -0.018222 0.012000 0.999762 0.053349
0.499282 0.887612 0.500000 0.500000 0.000000 0.000000 0.999803 -0.004304 0.019402 -0.034843 0.004549 0.999910 -0.012621 -0.046975 -0.019346 0.012707 0.999732 0.062490
0.499282 0.887612 0.500000 0.500000 0.000000 0.000000 0.999791 -0.004504 0.019931 -0.040296 0.004776 0.999896 -0.013581 -0.048200 -0.019868 0.013674 0.999709 0.072455
0.499282 0.887612 0.500000 0.500000 0.000000 0.000000 0.999773 -0.004453 0.020821 -0.045114 0.004748 0.999889 -0.014134 -0.048758 -0.020755 0.014230 0.999683 0.082761
0.499282 0.887612 0.500000 0.500000 0.000000 0.000000 0.999746 -0.004513 0.022092 -0.051274 0.004844 0.999876 -0.014973 -0.049008 -0.022022 0.015076 0.999644 0.093260
0.499282 0.887612 0.500000 0.500000 0.000000 0.000000 0.999734 -0.004663 0.022571 -0.054101 0.005009 0.999871 -0.015288 -0.049037 -0.022497 0.015397 0.999628 0.098670
0.499282 0.887612 0.500000 0.500000 0.000000 0.000000 0.999723 -0.004793 0.023026 -0.060561 0.005166 0.999856 -0.016175 -0.048863 -0.022945 0.016290 0.999604 0.109569
0.499282 0.887612 0.500000 0.500000 0.000000 0.000000 0.999712 -0.005038 0.023452 -0.067085 0.005430 0.999846 -0.016675 -0.048608 -0.023365 0.016798 0.999586 0.120657
0.499282 0.887612 0.500000 0.500000 0.000000 0.000000 0.999710 -0.005409 0.023487 -0.074230 0.005811 0.999837 -0.017105 -0.048890 -0.023391 0.017236 0.999578 0.132014
0.499282 0.887612 0.500000 0.500000 0.000000 0.000000 0.999697 -0.005215 0.024064 -0.082337 0.005641 0.999828 -0.017664 -0.049595 -0.023968 0.017794 0.999554 0.143662
0.499282 0.887612 0.500000 0.500000 0.000000 0.000000 0.999680 -0.005245 0.024759 -0.091885 0.005691 0.999822 -0.017987 -0.049602 -0.024660 0.018122 0.999532 0.155812
0.499282 0.887612 0.500000 0.500000 0.000000 0.000000 0.999682 -0.005647 0.024580 -0.101909 0.006094 0.999817 -0.018151 -0.049877 -0.024473 0.018295 0.999533 0.168439
0.499282 0.887612 0.500000 0.500000 0.000000 0.000000 0.999682 -0.005552 0.024617 -0.112707 0.006011 0.999809 -0.018578 -0.049541 -0.024509 0.018720 0.999524 0.181189
0.499282 0.887612 0.500000 0.500000 0.000000 0.000000 0.999690 -0.005421 0.024280 -0.117844 0.005873 0.999810 -0.018609 -0.049633 -0.024175 0.018746 0.999532 0.187612
0.499282 0.887612 0.500000 0.500000 0.000000 0.000000 0.999701 -0.005242 0.023885 -0.128698 0.005696 0.999804 -0.018979 -0.048545 -0.023781 0.019109 0.999535 0.200795
0.499282 0.887612 0.500000 0.500000 0.000000 0.000000 0.999698 -0.005224 0.024015 -0.139721 0.005688 0.999797 -0.019313 -0.047905 -0.023909 0.019444 0.999525 0.213596
0.499282 0.887612 0.500000 0.500000 0.000000 0.000000 0.999705 -0.005207 0.023722 -0.150395 0.005674 0.999791 -0.019668 -0.046969 -0.023615 0.019797 0.999525 0.226089
0.499282 0.887612 0.500000 0.500000 0.000000 0.000000 0.999714 -0.005032 0.023369 -0.160390 0.005495 0.999789 -0.019779 -0.046630 -0.023265 0.019902 0.999531 0.237971
0.499282 0.887612 0.500000 0.500000 0.000000 0.000000 0.999710 -0.005057 0.023558 -0.171260 0.005533 0.999781 -0.020192 -0.046660 -0.023451 0.020316 0.999519 0.249779
0.499282 0.887612 0.500000 0.500000 0.000000 0.000000 0.999716 -0.005028 0.023306 -0.181933 0.005504 0.999777 -0.020392 -0.046639 -0.023198 0.020514 0.999520 0.262356
0.499282 0.887612 0.500000 0.500000 0.000000 0.000000 0.999725 -0.005054 0.022898 -0.192801 0.005528 0.999771 -0.020679 -0.045502 -0.022788 0.020800 0.999524 0.275931
0.499282 0.887612 0.500000 0.500000 0.000000 0.000000 0.999728 -0.005009 0.022790 -0.197825 0.005480 0.999772 -0.020638 -0.045016 -0.022682 0.020757 0.999527 0.283256
0.499282 0.887612 0.500000 0.500000 0.000000 0.000000 0.999743 -0.004881 0.022139 -0.208547 0.005354 0.999758 -0.021344 -0.043415 -0.022029 0.021457 0.999527 0.298613
0.499282 0.887612 0.500000 0.500000 0.000000 0.000000 0.999776 -0.004738 0.020635 -0.219383 0.005176 0.999761 -0.021242 -0.041503 -0.020530 0.021344 0.999561 0.314592
0.499282 0.887612 0.500000 0.500000 0.000000 0.000000 0.999834 -0.004244 0.017727 -0.229654 0.004626 0.999757 -0.021565 -0.039864 -0.017632 0.021644 0.999610 0.330743
0.499282 0.887612 0.500000 0.500000 0.000000 0.000000 0.999888 -0.003729 0.014519 -0.240414 0.004042 0.999758 -0.021642 -0.038302 -0.014435 0.021698 0.999660 0.347401
0.499282 0.887612 0.500000 0.500000 0.000000 0.000000 0.999946 -0.003123 0.009953 -0.251440 0.003339 0.999756 -0.021822 -0.037225 -0.009882 0.021854 0.999712 0.364212
0.499282 0.887612 0.500000 0.500000 0.000000 0.000000 0.999991 -0.002184 0.003621 -0.263150 0.002262 0.999760 -0.021810 -0.037185 -0.003573 0.021818 0.999756 0.380981
0.499282 0.887612 0.500000 0.500000 0.000000 0.000000 0.999983 -0.000823 -0.005692 -0.275144 0.000696 0.999752 -0.022247 -0.036988 0.005709 0.022243 0.999736 0.396812
0.499282 0.887612 0.500000 0.500000 0.000000 0.000000 0.999935 0.000177 -0.011407 -0.281579 -0.000433 0.999748 -0.022430 -0.036915 0.011400 0.022433 0.999683 0.404647
0.499282 0.887612 0.500000 0.500000 0.000000 0.000000 0.999662 0.002665 -0.025859 -0.295223 -0.003254 0.999735 -0.022796 -0.036696 0.025791 0.022873 0.999406 0.419406
0.499282 0.887612 0.500000 0.500000 0.000000 0.000000 0.999038 0.005686 -0.043485 -0.308694 -0.006684 0.999717 -0.022841 -0.036357 0.043343 0.023110 0.998793 0.433006
0.499282 0.887612 0.500000 0.500000 0.000000 0.000000 0.997869 0.009007 -0.064617 -0.321625 -0.010563 0.999662 -0.023775 -0.035504 0.064381 0.024407 0.997627 0.446049
0.499282 0.887612 0.500000 0.500000 0.000000 0.000000 0.996012 0.012716 -0.088308 -0.333908 -0.014974 0.999576 -0.024957 -0.033871 0.087954 0.026180 0.995781 0.458989
