0.470181 0.835878 0.500000 0.500000 0.000000 0.000000 1.000000 0.000000 0.000000 0.000000 0.000000 1.000000 -0.000000 -0.000000 -0.000000 -0.000000 1.000000 0.000000
0.470181 0.835878 0.500000 0.500000 0.000000 0.000000 1.000000 -0.000035 0.000813 0.011953 0.000035 1.000000 -0.000333 -0.001293 -0.000813 0.000333 1.000000 0.027228
0.470181 0.835878 0.500000 0.500000 0.000000 0.000000 0.999998 -0.000130 0.002049 0.023333 0.000131 1.000000 -0.000407 -0.002818 -0.002049 0.000407 0.999998 0.055190
0.470181 0.835878 0.500000 0.500000 0.000000 0.000000 0.999995 -0.000306 0.003093 0.034288 0.000308 1.000000 -0.000752 -0.003946 -0.003093 0.000752 0.999995 0.081853
0.470181 0.835878 0.500000 0.500000 0.000000 0.000000 0.999993 -0.000368 0.003616 0.038969 0.000372 0.999999 -0.000984 -0.004550 -0.003616 0.000985 0.999993 0.095366
0.470181 0.835878 0.500000 0.500000 0.000000 0.000000 0.999990 -0.000518 0.004402 0.047686 0.000526 0.999998 -0.001788 -0.005800 -0.004401 0.001790 0.999989 0.122459
0.470181 0.835878 0.500000 0.500000 0.000000 0.000000 0.999989 -0.000649 0.004707 0.055329 0.000660 0.999997 -0.002270 -0.007439 -0.004705 0.002274 0.999986 0.146884
0.470181 0.835878 0.500000 0.500000 0.000000 0.000000 0.999988 -0.000632 0.004843 0.062087 0.000645 0.999996 -0.002732 -0.009171 -0.004842 0.002736 0.999985 0.170706
0.470181 0.835878 0.500000 0.500000 0.000000 0.000000 0.999985 -0.000559 0.005393 0.067726 0.000576 0.999995 -0.003135 -0.011563 -0.005391 0.003139 0.999981 0.194489
0.470181 0.835878 0.500000 0.500000 0.000000 0.000000 0.999983 -0.000462 0.005875 0.073024 0.000484 0.999993 -0.003710 -0.013456 -0.005874 0.003713 0.999976 0.216432
0.470181 0.835878 0.500000 0.500000 0.000000 0.000000 0.999981 -0.000379 0.006181 0.078012 0.000405 0.999991 -0.004278 -0.015020 -0.006179 0.004281 0.999972 0.238447
0.470181 0.835878 0.500000 0.500000 0.000000 0.000000 0.999980 -0.000196 0.006386 0.082690 0.000225 0.999990 -0.004563 -0.016280 -0.006385 0.004565 0.999969 0.259839
0.470181 0.835878 0.500000 0.500000 0.000000 0.000000 0.999979 -0.000159 0.006415 0.084968 0.000188 0.999989 -0.004627 -0.016342 -0.006414 0.004628 0.999969 0.270846
0.470181 0.835878 0.500000 0.500000 0.000000 0.000000 0.999979 -0.000072 0.006533 0.089774 0.000105 0.999987 -0.005022 -0.016986 -0.006532 0.005023 0.999966 0.293888
0.470181 0.835878 0.500000 0.500000 0.000000 0.000000 0.999978 -0.000101 0.006631 0.095192 0.000136 0.999986 -0.005320 -0.016529 -0.006631 0.005321 0.999964 0.318729
0.470181 0.835878 0.500000 0.500000 0.000000 0.000000 0.999976 0.000027 0.006973 0.101006 0.000013 0.999984 -0.005649 -0.015788 -0.006973 0.005649 0.999960 0.345582
0.470181 0.835878 0.500000 0.500000 0.000000 0.000000 0.999973 -0.000074 0.007317 0.107557 0.000117 0.999982 -0.005919 -0.015701 -0.007316 0.005920 0.999956 0.374176
0.470181 0.835878 0.500000 0.500000 0.000000 0.000000 0.999973 -0.000059 0.007399 0.113781 0.000103 0.999983 -0.005886 -0.016267 -0.007399 0.005887 0.999955 0.403728
0.470181 0.835878 0.500000 0.500000 0.000000 0.000000 0.999970 0.000114 0.007698 0.120324 -0.000067 0.999982 -0.006072 -0.018721 -0.007698 0.006071 0.999952 0.433728
0.470181 0.835878 0.500000 0.500000 0.000000 0.000000 0.999967 -0.000077 0.008107 0.126294 0.000130 0.999979 -0.006553 -0.021362 -0.008107 0.006554 0.999946 0.463366
0.470181 0.835878 0.500000 0.500000 0.000000 0.000000 0.999966 -0.000081 0.008188 0.129461 0.000135 0.999978 -0.006620 -0.023272 -0.008187 0.006621 0.999945 0.477213
0.470181 0.835878 0.500000 0.500000 0.000000 0.000000 0.999964 -0.000177 0.008429 0.135788 0.000236 0.999976 -0.006985 -0.026442 -0.008428 0.006987 0.999940 0.504591
0.470181 0.835878 0.500000 0.500000 0.000000 0.000000 0.999960 -0.000184 0.008972 0.142306 0.000246 0.999976 -0.006944 -0.029111 -0.008970 0.006945 0.999936 0.530229
0.470181 0.835878 0.500000 0.500000 0.000000 0.000000 0.999955 -0.000297 0.009434 0.148756 0.000365 0.999974 -0.007257 -0.030909 -0.009431 0.007260 0.999929 0.555418
0.470181 0.835878 0.500000 0.500000 0.000000 0.000000 0.999950 -0.000518 0.009971 0.156144 0.000596 0.999969 -0.007811 -0.032597 -0.009967 0.007817 0.999920 0.580444
0.470181 0.835878 0.500000 0.500000 0.000000 0.000000 0.999946 -0.000436 0.010398 0.163764 0.000519 0.999968 -0.008020 -0.033923 -0.010394 0.008025 0.999914 0.605355
0.470181 0.835878 0.500000 0.500000 0.000000 0.000000 0.999939 -0.000520 0.011014 0.172436 0.000614 0.999964 -0.008520 -0.034973 -0.011009 0.008526 0.999903 0.631049
0.470181 0.835878 0.500000 0.500000 0.000000 0.000000 0.999927 -0.000467 0.012075 0.180833 0.000572 0.999962 -0.008648 -0.035757 -0.012070 0.008655 0.999890 0.658028
0.470181 0.835878 0.500000 0.500000 0.000000 0.000000 0.999921 -0.000501 0.012534 0.185013 0.000611 0.999961 -0.008777 -0.036157 -0.012529 0.008784 0.999883 0.671476
0.470181 0.835878 0.500000 0.500000 0.000000 0.000000 0.999908 -0.000514 0.013549 0.192915 0.000636 0.999959 -0.008982 -0.036714 -0.013544 0.008990 0.999868 0.700236
0.470181 0.835878 0.500000 0.500000 0.000000 0.000000 0.999899 -0.000637 0.014188 0.201377 0.000771 0.999956 -0.009383 -0.037739 -0.014181 0.009393 0.999855 0.729866
0.470181 0.835878 0.500000 0.500000 0.000000 0.000000 0.999891 -0.000728 0.014747 0.210753 0.000869 0.999954 -0.009552 -0.039348 -0.014739 0.009563 0.999846 0.759760
0.470181 0.835878 0.500000 0.500000 0.000000 0.000000 0.999882 -0.000904 0.015323 0.220835 0.001056 0.999950 -0.009961 -0.042138 -0.015313 0.009977 0.999833 0.788755
0.470181 0.835878 0.500000 0.500000 0.000000 0.000000 0.999874 -0.000867 0.015847 0.230015 0.001030 0.999947 -0.010287 -0.044342 -0.015837 0.010302 0.999822 0.817443
0.470181 0.835878 0.500000 0.500000 0.000000 0.000000 0.999866 -0.001011 0.016312 0.239918 0.001184 0.999943 -0.010633 -0.047499 -0.016300 0.010651 0.999810 0.843864
0.470181 0.835878 0.500000 0.500000 0.000000 0.000000 0.999863 -0.001220 0.016501 0.249171 0.001395 0.999942 -0.010639 -0.050347 -0.016487 0.010661 0.999807 0.870351
0.470181 0.835878 0.500000 0.500000 0.000000 0.000000 0.999856 -0.001204 0.016933 0.253302 0.001387 0.999940 -0.010824 -0.052344 -0.016919 0.010846 0.999798 0.882950
0.470181 0.835878 0.500000 0.500000 0.000000 0.000000 0.999847 -0.001204 0.017458 0.261259 0.001399 0.999937 -0.011116 -0.055711 -0.017443 0.011139 0.999786 0.909235
0.470181 0.835878 0.500000 0.500000 0.000000 0.000000 0.999848 -0.001260 0.017411 0.269017 0.001460 0.999933 -0.011485 -0.058941 -0.017396 0.011508 0.999782 0.935793
0.470181 0.835878 0.500000 0.500000 0.000000 0.000000 0.999852 -0.001306 0.017155 0.276749 0.001505 0.999932 -0.011559 -0.060936 -0.017139 0.011583 0.999786 0.963491
0.470181 0.835878 0.500000 0.500000 0.000000 0.000000 0.999844 -0.001235 0.017624 0.284631 0.001442 0.999930 -0.011765 -0.062503 -0.017608 0.011789 0.999775 0.991940
0.470181 0.835878 0.500000 0.500000 0.000000 0.000000 0.999834 -0.001118 0.018182 0.293036 0.001335 0.999928 -0.011950 -0.063605 -0.018168 0.011972 0.999763 1.021376
0.470181 0.835878 0.500000 0.500000 0.000000 0.000000 0.999824 -0.001058 0.018735 0.301022 0.001284 0.999926 -0.012073 -0.064935 -0.018720 0.012095 0.999752 1.052890
0.470181 0.835878 0.500000 0.500000 0.000000 0.000000 0.999827 -0.001200 0.018552 0.309545 0.001425 0.999925 -0.012145 -0.066111 -0.018536 0.012170 0.999754 1.085754
0.470181 0.835878 0.500000 0.500000 0.000000 0.000000 0.999830 -0.001254 0.018375 0.314069 0.001479 0.999924 -0.012215 -0.066669 -0.018358 0.012240 0.999757 1.102973
0.470181 0.835878 0.500000 0.500000 0.000000 0.000000 0.999829 -0.001223 0.018464 0.323822 0.001445 0.999926 -0.012045 -0.068096 -0.018447 0.012069 0.999757 1.137579
0.470181 0.835878 0.500000 0.500000 0.000000 0.000000 0.999816 -0.001154 0.019157 0.332336 0.001385 0.999927 -0.012021 -0.069171 -0.019141 0.012045 0.999744 1.173947
0.470181 0.835878 0.500000 0.500000 0.000000 0.000000 0.999815 -0.001375 0.019192 0.342363 0.001606 0.999927 -0.012001 -0.070475 -0.019174 0.012030 0.999744 1.210997
0.470181 0.835878 0.500000 0.500000 0.000000 0.000000 0.999810 -0.001296 0.019439 0.352856 0.001534 0.999924 -0.012209 -0.072263 -0.019422 0.012237 0.999736 1.248029
