0.497882 0.885123 0.500000 0.500000 0.000000 0.000000 1.000000 -0.000000 0.000000 0.000000 0.000000 1.000000 0.000000 0.000000 0.000000 0.000000 1.000000 0.000000
0.497882 0.885123 0.500000 0.500000 0.000000 0.000000 0.999942 0.000380 -0.010757 -0.019407 -0.000362 0.999999 0.001674 0.003743 0.010757 -0.001670 0.999941 0.044714
0.497882 0.885123 0.500000 0.500000 0.000000 0.000000 0.999765 0.000750 -0.021665 -0.037213 -0.000664 0.999992 0.003990 0.009484 0.021667 -0.003974 0.999757 0.090514
0.497882 0.885123 0.500000 0.500000 0.000000 0.000000 0.999494 0.001001 -0.031776 -0.055919 -0.000855 0.999989 0.004613 0.015675 0.031780 -0.004584 0.999484 0.138301
0.497882 0.885123 0.500000 0.500000 0.000000 0.000000 0.999288 0.000945 -0.037726 -0.064944 -0.000760 0.999988 0.004899 0.019009 0.037730 -0.004867 0.999276 0.162963
0.497882 0.885123 0.500000 0.500000 0.000000 0.000000 0.998787 0.001472 -0.049224 -0.081851 -0.001142 0.999977 0.006740 0.022928 0.049232 -0.006676 0.998765 0.213127
0.497882 0.885123 0.500000 0.500000 0.000000 0.000000 0.998150 0.001685 -0.060783 -0.099309 -0.001161 0.999962 0.008649 0.022523 0.060796 -0.008562 0.998114 0.265150
0.497882 0.885123 0.500000 0.500000 0.000000 0.000000 0.997307 0.001370 -0.073328 -0.114258 -0.000684 0.999956 0.009379 0.019631 0.073338 -0.009303 0.997264 0.315392
0.497882 0.885123 0.500000 0.500000 0.000000 0.000000 0.996335 0.002138 -0.085506 -0.127648 -0.001131 0.999930 0.011817 0.015204 0.085525 -0.011677 0.996268 0.363403
0.497882 0.885123 0.500000 0.500000 0.000000 0.000000 0.995216 0.002989 -0.097654 -0.139806 -0.001773 0.999920 0.012535 0.009366 0.097683 -0.012302 0.995141 0.409051
0.497882 0.885123 0.500000 0.500000 0.000000 0.000000 0.993840 0.003403 -0.110776 -0.150279 -0.001961 0.999912 0.013125 0.004833 0.110811 -0.012827 0.993759 0.452403
0.497882 0.885123 0.500000 0.500000 0.000000 0.000000 0.992415 0.004106 -0.122862 -0.160616 -0.002293 0.999886 0.014900 0.001779 0.122910 -0.014505 0.992312 0.495302
0.497882 0.885123 0.500000 0.500000 0.000000 0.000000 0.991537 0.004426 -0.129746 -0.165532 -0.002391 0.999872 0.015833 0.000757 0.129800 -0.015389 0.991421 0.516688
0.497882 0.885123 0.500000 0.500000 0.000000 0.000000 0.989703 0.005185 -0.143042 -0.175288 -0.002780 0.999851 0.017011 -0.000394 0.143109 -0.016438 0.989570 0.560027
0.497882 0.885123 0.500000 0.500000 0.000000 0.000000 0.987709 0.005704 -0.156200 -0.185797 -0.003102 0.999852 0.016898 0.001238 0.156274 -0.016206 0.987581 0.604269
0.497882 0.885123 0.500000 0.500000 0.000000 0.000000 0.985420 0.006334 -0.170022 -0.195947 -0.003307 0.999831 0.018077 0.005017 0.170107 -0.017251 0.985274 0.648615
0.497882 0.885123 0.500000 0.500000 0.000000 0.000000 0.982801 0.007514 -0.184517 -0.206640 -0.003760 0.999779 0.020690 0.009468 0.184632 -0.019641 0.982612 0.694840
0.497882 0.885123 0.500000 0.500000 0.000000 0.000000 0.980058 0.008846 -0.198514 -0.218238 -0.004384 0.999728 0.022910 0.012236 0.198662 -0.021583 0.979830 0.742605
0.497882 0.885123 0.500000 0.500000 0.000000 0.000000 0.977275 0.009810 -0.211746 -0.229752 -0.004984 0.999716 0.023310 0.012753 0.211915 -0.021725 0.977047 0.790915
0.497882 0.885123 0.500000 0.500000 0.000000 0.000000 0.974132 0.010526 -0.225732 -0.240410 -0.005310 0.999705 0.023701 0.011372 0.225915 -0.021890 0.973901 0.837939
0.497882 0.885123 0.500000 0.500000 0.000000 0.000000 0.972385 0.010973 -0.233123 -0.245316 -0.005245 0.999669 0.025179 0.009565 0.233323 -0.023261 0.972121 0.860561
0.497882 0.885123 0.500000 0.500000 0.000000 0.000000 0.968690 0.011831 -0.247990 -0.253846 -0.005268 0.999618 0.027113 0.005290 0.248217 -0.024957 0.968383 0.904403
0.497882 0.885123 0.500000 0.500000 0.000000 0.000000 0.964671 0.012552 -0.263157 -0.260906 -0.005621 0.999618 0.027074 0.000986 0.263396 -0.024639 0.964373 0.945852
0.497882 0.885123 0.500000 0.500000 0.000000 0.000000 0.960491 0.014404 -0.277939 -0.265527 -0.006756 0.999572 0.028457 -0.001906 0.278230 -0.025455 0.960177 0.985619
0.497882 0.885123 0.500000 0.500000 0.000000 0.000000 0.956104 0.015370 -0.292625 -0.269310 -0.007257 0.999559 0.028791 -0.002625 0.292938 -0.025403 0.955794 1.025039
0.497882 0.885123 0.500000 0.500000 0.000000 0.000000 0.951185 0.016473 -0.308182 -0.270296 -0.007546 0.999517 0.030137 -0.001108 0.308529 -0.026341 0.950850 1.063455
0.497882 0.885123 0.500000 0.500000 0.000000 0.000000 0.945978 0.017756 -0.323745 -0.269330 -0.008159 0.999487 0.030979 0.003061 0.324129 -0.026664 0.945637 1.101103
0.497882 0.885123 0.500000 0.500000 0.000000 0.000000 0.940059 0.018928 -0.340486 -0.267211 -0.008394 0.999440 0.032384 0.009667 0.340908 -0.027585 0.939692 1.139350
0.497882 0.885123 0.500000 0.500000 0.000000 0.000000 0.936952 0.019642 -0.348904 -0.265744 -0.008490 0.999404 0.033463 0.013666 0.349354 -0.028391 0.936561 1.158643
0.497882 0.885123 0.500000 0.500000 0.000000 0.000000 0.930401 0.020616 -0.365963 -0.261202 -0.008269 0.999343 0.035274 0.021021 0.366450 -0.029793 0.929961 1.198613
0.497882 0.885123 0.500000 0.500000 0.000000 0.000000 0.922966 0.021337 -0.384290 -0.252687 -0.008502 0.999349 0.035068 0.026520 0.384788 -0.029100 0.922546 1.238247
0.497882 0.885123 0.500000 0.500000 0.000000 0.000000 0.915315 0.023283 -0.402065 -0.241884 -0.008947 0.999257 0.037498 0.029031 0.402639 -0.030725 0.914843 1.277587
0.497882 0.885123 0.500000 0.500000 0.000000 0.000000 0.906737 0.025785 -0.420907 -0.232449 -0.009634 0.999135 0.040454 0.029922 0.421586 -0.032626 0.906201 1.317419
0.497882 0.885123 0.500000 0.500000 0.000000 0.000000 0.897681 0.028042 -0.439753 -0.222358 -0.011152 0.999099 0.040945 0.030323 0.440505 -0.031852 0.897185 1.356960
0.497882 0.885123 0.500000 0.500000 0.000000 0.000000 0.887846 0.029916 -0.459167 -0.212220 -0.011828 0.999038 0.042220 0.031313 0.459989 -0.032053 0.887346 1.395743
0.497882 0.885123 0.500000 0.500000 0.000000 0.000000 0.878094 0.032752 -0.477365 -0.203560 -0.012920 0.998914 0.044770 0.031927 0.478313 -0.033144 0.877564 1.432926
0.497882 0.885123 0.500000 0.500000 0.000000 0.000000 0.872818 0.034054 -0.486856 -0.199788 -0.013408 0.998859 0.045831 0.032510 0.487862 -0.033474 0.872279 1.450581
0.497882 0.885123 0.500000 0.500000 0.000000 0.000000 0.861835 0.036647 -0.505862 -0.193482 -0.014485 0.998758 0.047678 0.034006 0.506981 -0.033763 0.861296 1.485191
0.497882 0.885123 0.500000 0.500000 0.000000 0.000000 0.850399 0.038922 -0.524697 -0.187225 -0.015519 0.998682 0.048930 0.036982 0.525910 -0.033467 0.849881 1.519922
0.497882 0.885123 0.500000 0.500000 0.000000 0.000000 0.839239 0.041659 -0.542165 -0.181826 -0.016506 0.998553 0.051178 0.041147 0.543512 -0.034002 0.838712 1.554743
0.497882 0.885123 0.500000 0.500000 0.000000 0.000000 0.827589 0.044937 -0.559533 -0.178087 -0.017474 0.998370 0.054335 0.045774 0.561063 -0.035190 0.827025 1.591248
0.497882 0.885123 0.500000 0.500000 0.000000 0.000000 0.815877 0.047018 -0.576311 -0.175745 -0.018227 0.998284 0.055641 0.050355 0.577938 -0.034892 0.815334 1.629258
0.497882 0.885123 0.500000 0.500000 0.000000 0.000000 0.804400 0.049470 -0.592024 -0.173198 -0.018599 0.998136 0.058134 0.053185 0.593797 -0.035752 0.803821 1.667530
0.497882 0.885123 0.500000 0.500000 0.000000 0.000000 0.792398 0.052670 -0.607727 -0.170991 -0.019391 0.997937 0.061206 0.052669 0.609697 -0.036716 0.791784 1.706168
0.497882 0.885123 0.500000 0.500000 0.000000 0.000000 0.786266 0.054261 -0.615500 -0.169641 -0.020293 0.997867 0.062046 0.051518 0.617554 -0.036294 0.785691 1.724857
0.497882 0.885123 0.500000 0.500000 0.000000 0.000000 0.773293 0.056031 -0.631568 -0.167008 -0.021666 0.997841 0.061999 0.049104 0.633678 -0.034260 0.772838 1.760388
0.497882 0.885123 0.500000 0.500000 0.000000 0.000000 0.759745 0.058699 -0.647566 -0.162958 -0.022919 0.997715 0.063550 0.046314 0.649817 -0.033440 0.759355 1.793546
0.497882 0.885123 0.500000 0.500000 0.000000 0.000000 0.745923 0.062392 -0.663103 -0.157865 -0.024053 0.997477 0.066796 0.041585 0.665598 -0.033875 0.745542 1.824212
0.497882 0.885123 0.500000 0.500000 0.000000 0.000000 0.731464 0.063761 -0.678892 -0.152085 -0.024706 0.997443 0.067060 0.037093 0.681432 -0.032279 0.731169 1.852700
