0.502934 0.894104 0.500000 0.500000 0.000000 0.000000 1.000000 0.000000 -0.000000 0.000000 -0.000000 1.000000 -0.000000 0.000000 0.000000 0.000000 1.000000 0.000000
0.502934 0.894104 0.500000 0.500000 0.000000 0.000000 0.999999 0.000064 0.001174 -0.006853 -0.000064 1.000000 -0.000222 0.002947 -0.001174 0.000222 0.999999 0.014517
0.502934 0.894104 0.500000 0.500000 0.000000 0.000000 0.999997 -0.000032 0.002314 -0.014951 0.000033 1.000000 -0.000313 0.005496 -0.002314 0.000313 0.999997 0.030776
0.502934 0.894104 0.500000 0.500000 0.000000 0.000000 0.999997 -0.000228 0.002337 -0.022979 0.000229 1.000000 -0.000321 0.007371 -0.002337 0.000322 0.999997 0.048828
0.502934 0.894104 0.500000 0.500000 0.000000 0.000000 0.999997 0.000125 0.002530 -0.030696 -0.000124 1.000000 -0.000311 0.008946 -0.002530 0.000311 0.999997 0.068718
0.502934 0.894104 0.500000 0.500000 0.000000 0.000000 0.999995 0.000244 0.003004 -0.034404 -0.000243 1.000000 -0.000237 0.009271 -0.003004 0.000237 0.999995 0.079236
0.502934 0.894104 0.500000 0.500000 0.000000 0.000000 0.999992 0.000256 0.004042 -0.042718 -0.000253 1.000000 -0.000749 0.009632 -0.004042 0.000748 0.999992 0.101464
0.502934 0.894104 0.500000 0.500000 0.000000 0.000000 0.999990 0.000035 0.004383 -0.050679 -0.000032 1.000000 -0.000635 0.010299 -0.004383 0.000635 0.999990 0.124883
0.502934 0.894104 0.500000 0.500000 0.000000 0.000000 0.999990 -0.000525 0.004415 -0.057851 0.000529 1.000000 -0.000786 0.010093 -0.004415 0.000788 0.999990 0.148255
0.502934 0.894104 0.500000 0.500000 0.000000 0.000000 0.999993 -0.001025 0.003702 -0.064173 0.001028 0.999999 -0.000652 0.009482 -0.003701 0.000656 0.999993 0.172088
0.502934 0.894104 0.500000 0.500000 0.000000 0.000000 0.999992 -0.001211 0.003709 -0.070439 0.001215 0.999999 -0.001079 0.007707 -0.003707 0.001083 0.999993 0.196797
0.502934 0.894104 0.500000 0.500000 0.000000 0.000000 0.999994 -0.001124 0.003212 -0.074953 0.001129 0.999998 -0.001596 0.005743 -0.003210 0.001599 0.999994 0.222038
0.502934 0.894104 0.500000 0.500000 0.000000 0.000000 0.999994 -0.001020 0.003284 -0.077487 0.001025 0.999998 -0.001575 0.004864 -0.003282 0.001579 0.999993 0.234668
0.502934 0.894104 0.500000 0.500000 0.000000 0.000000 0.999995 -0.000791 0.003008 -0.082258 0.000797 0.999998 -0.002002 0.002893 -0.003006 0.002004 0.999993 0.259388
0.502934 0.894104 0.500000 0.500000 0.000000 0.000000 0.999996 -0.000997 0.002521 -0.087103 0.001003 0.999997 -0.002444 0.000514 -0.002519 0.002447 0.999994 0.283747
0.502934 0.894104 0.500000 0.500000 0.000000 0.000000 0.999997 -0.000873 0.002177 -0.092092 0.000880 0.999994 -0.003239 -0.001292 -0.002174 0.003241 0.999992 0.307550
0.502934 0.894104 0.500000 0.500000 0.000000 0.000000 0.999998 -0.000949 0.001548 -0.096197 0.000955 0.999992 -0.003884 -0.003314 -0.001545 0.003886 0.999991 0.331484
0.502934 0.894104 0.500000 0.500000 0.000000 0.000000 0.999999 -0.001042 0.001321 -0.100752 0.001048 0.999989 -0.004515 -0.004850 -0.001317 0.004517 0.999989 0.355573
0.502934 0.894104 0.500000 0.500000 0.000000 0.000000 0.999998 -0.001263 0.001203 -0.105216 0.001270 0.999984 -0.005432 -0.006344 -0.001196 0.005433 0.999984 0.381506
0.502934 0.894104 0.500000 0.500000 0.000000 0.000000 0.999999 -0.001373 0.000825 -0.109769 0.001378 0.999983 -0.005652 -0.006905 -0.000817 0.005654 0.999984 0.409912
0.502934 0.894104 0.500000 0.500000 0.000000 0.000000 0.999999 -0.001355 0.000693 -0.112642 0.001359 0.999982 -0.005837 -0.006438 -0.000685 0.005838 0.999983 0.425071
0.502934 0.894104 0.500000 0.500000 0.000000 0.000000 0.999999 -0.001480 0.000066 -0.118037 0.001481 0.999977 -0.006658 -0.004049 -0.000056 0.006658 0.999978 0.456552
0.502934 0.894104 0.500000 0.500000 0.000000 0.000000 0.999999 -0.001641 0.000303 -0.123564 0.001643 0.999967 -0.007922 -0.000699 -0.000290 0.007922 0.999969 0.489741
0.502934 0.894104 0.500000 0.500000 0.000000 0.000000 0.999999 -0.001667 -0.000078 -0.131195 0.001666 0.999958 -0.009021 0.001976 0.000093 0.009021 0.999959 0.523973
0.502934 0.894104 0.500000 0.500000 0.000000 0.000000 0.999999 -0.001578 0.000246 -0.140301 0.001581 0.999946 -0.010309 0.003358 -0.000229 0.010309 0.999947 0.559209
0.502934 0.894104 0.500000 0.500000 0.000000 0.000000 0.999999 -0.001583 0.000225 -0.150329 0.001585 0.999931 -0.011658 0.004426 -0.000206 0.011659 0.999932 0.594496
0.502934 0.894104 0.500000 0.500000 0.000000 0.000000 0.999998 -0.001723 -0.000709 -0.160046 0.001714 0.999919 -0.012596 0.005561 0.000730 0.012595 0.999920 0.629359
0.502934 0.894104 0.500000 0.500000 0.000000 0.000000 0.999997 -0.002242 -0.000826 -0.169308 0.002230 0.999892 -0.014498 0.006108 0.000858 0.014496 0.999895 0.663225
0.502934 0.894104 0.500000 0.500000 0.000000 0.000000 0.999997 -0.002378 -0.001045 -0.173499 0.002361 0.999882 -0.015166 0.007081 0.001081 0.015164 0.999884 0.680129
0.502934 0.894104 0.500000 0.500000 0.000000 0.000000 0.999996 -0.002353 -0.001609 -0.181995 0.002326 0.999867 -0.016122 0.006858 0.001647 0.016118 0.999869 0.713521
0.502934 0.894104 0.500000 0.500000 0.000000 0.000000 0.999994 -0.002526 -0.002525 -0.188216 0.002479 0.999826 -0.018484 0.007530 0.002571 0.018477 0.999826 0.746714
0.502934 0.894104 0.500000 0.500000 0.000000 0.000000 0.999993 -0.002335 -0.002892 -0.191836 0.002279 0.999815 -0.019126 0.008786 0.002936 0.019120 0.999813 0.780679
0.502934 0.894104 0.500000 0.500000 0.000000 0.000000 0.999993 -0.002052 -0.003127 -0.195215 0.001986 0.999776 -0.021049 0.010979 0.003170 0.021043 0.999774 0.816036
0.502934 0.894104 0.500000 0.500000 0.000000 0.000000 0.999990 -0.002018 -0.003905 -0.197136 0.001930 0.999750 -0.022270 0.014766 0.003949 0.022262 0.999744 0.853522
0.502934 0.894104 0.500000 0.500000 0.000000 0.000000 0.999988 -0.002283 -0.004440 -0.197500 0.002176 0.999708 -0.024087 0.019450 0.004494 0.024077 0.999700 0.892137
0.502934 0.894104 0.500000 0.500000 0.000000 0.000000 0.999988 -0.002782 -0.004105 -0.196915 0.002676 0.999671 -0.025511 0.024639 0.004175 0.025500 0.999666 0.931874
0.502934 0.894104 0.500000 0.500000 0.000000 0.000000 0.999986 -0.002986 -0.004305 -0.196323 0.002872 0.999651 -0.026249 0.026329 0.004382 0.026236 0.999646 0.951859
0.502934 0.894104 0.500000 0.500000 0.000000 0.000000 0.999982 -0.003367 -0.004939 -0.194206 0.003229 0.999612 -0.027662 0.029722 0.005030 0.027646 0.999605 0.992540
0.502934 0.894104 0.500000 0.500000 0.000000 0.000000 0.999979 -0.003929 -0.005229 -0.189245 0.003778 0.999581 -0.028702 0.030496 0.005340 0.028682 0.999574 1.033937
0.502934 0.894104 0.500000 0.500000 0.000000 0.000000 0.999970 -0.004790 -0.006162 -0.183635 0.004603 0.999538 -0.030044 0.029527 0.006303 0.030014 0.999530 1.074981
0.502934 0.894104 0.500000 0.500000 0.000000 0.000000 0.999966 -0.005280 -0.006328 -0.177010 0.005075 0.999474 -0.032025 0.028281 0.006494 0.031991 0.999467 1.116395
0.502934 0.894104 0.500000 0.500000 0.000000 0.000000 0.999965 -0.005175 -0.006649 -0.170823 0.004947 0.999415 -0.033842 0.025539 0.006820 0.033808 0.999405 1.155532
0.502934 0.894104 0.500000 0.500000 0.000000 0.000000 0.999965 -0.005536 -0.006211 -0.165555 0.005309 0.999343 -0.035862 0.022663 0.006406 0.035828 0.999337 1.194167
0.502934 0.894104 0.500000 0.500000 0.000000 0.000000 0.999964 -0.005853 -0.006150 -0.161629 0.005612 0.999246 -0.038409 0.019634 0.006370 0.038373 0.999243 1.231885
0.502934 0.894104 0.500000 0.500000 0.000000 0.000000 0.999960 -0.006007 -0.006569 -0.159732 0.005742 0.999197 -0.039641 0.018813 0.006801 0.039602 0.999192 1.251023
0.502934 0.894104 0.500000 0.500000 0.000000 0.000000 0.999955 -0.005963 -0.007335 -0.156620 0.005650 0.999105 -0.041925 0.017164 0.007579 0.041882 0.999094 1.289603
0.502934 0.894104 0.500000 0.500000 0.000000 0.000000 0.999953 -0.006007 -0.007628 -0.153704 0.005660 0.998985 -0.044694 0.016587 0.007889 0.044649 0.998972 1.328780
0.502934 0.894104 0.500000 0.500000 0.000000 0.000000 0.999948 -0.006066 -0.008158 -0.150858 0.005673 0.998863 -0.047328 0.016921 0.008436 0.047279 0.998846 1.370076
0.502934 0.894104 0.500000 0.500000 0.000000 0.000000 0.999948 -0.006063 -0.008224 -0.149121 0.005645 0.998735 -0.049965 0.016199 0.008516 0.049916 0.998717 1.412501
