0.528932 0.940323 0.500000 0.500000 0.000000 0.000000 1.000000 -0.000000 0.000000 0.000000 -0.000000 1.000000 0.000000 0.000000 -0.000000 0.000000 1.000000 0.000000
0.528932 0.940323 0.500000 0.500000 0.000000 0.000000 1.000000 0.000189 0.000635 0.014635 -0.000189 1.000000 -0.000125 -0.000171 -0.000635 0.000125 1.000000 0.000311
0.528932 0.940323 0.500000 0.500000 0.000000 0.000000 0.999996 0.000519 0.002700 0.042540 -0.000518 1.000000 -0.000341 -0.000592 -0.002701 0.000340 0.999996 0.000652
0.528932 0.940323 0.500000 0.500000 0.000000 0.000000 0.999993 0.000785 0.003730 0.056438 -0.000784 1.000000 -0.000364 -0.000925 -0.003730 0.000361 0.999993 0.000780
0.528932 0.940323 0.500000 0.500000 0.000000 0.000000 0.999983 0.001140 0.005706 0.084397 -0.001137 0.999999 -0.000516 -0.001437 -0.005707 0.000510 0.999984 0.000906
0.528932 0.940323 0.500000 0.500000 0.000000 0.000000 0.999977 0.001359 0.006600 0.098384 -0.001355 0.999999 -0.000650 -0.001562 -0.006601 0.000641 0.999978 0.001111
0.528932 0.940323 0.500000 0.500000 0.000000 0.000000 0.999963 0.001857 0.008350 0.126390 -0.001850 0.999998 -0.000816 -0.002005 -0.008352 0.000801 0.999965 0.001400
0.528932 0.940323 0.500000 0.500000 0.000000 0.000000 0.999955 0.001932 0.009275 0.140430 -0.001922 0.999998 -0.001090 -0.001902 -0.009277 0.001072 0.999956 0.001387
0.528932 0.940323 0.500000 0.500000 0.000000 0.000000 0.999932 0.002478 0.011385 0.167525 -0.002467 0.999996 -0.001014 -0.002631 -0.011387 0.000986 0.999935 0.001365
0.528932 0.940323 0.500000 0.500000 0.000000 0.000000 0.999922 0.002597 0.012245 0.181588 -0.002584 0.999996 -0.001120 -0.002718 -0.012248 0.001088 0.999924 0.001296
0.528932 0.940323 0.500000 0.500000 0.000000 0.000000 0.999895 0.003001 0.014164 0.208939 -0.002985 0.999995 -0.001198 -0.003097 -0.014168 0.001155 0.999899 0.001294
0.528932 0.940323 0.500000 0.500000 0.000000 0.000000 0.999878 0.003289 0.015255 0.222249 -0.003274 0.999994 -0.000993 -0.003634 -0.015258 0.000943 0.999883 0.001178
0.528932 0.940323 0.500000 0.500000 0.000000 0.000000 0.999851 0.003713 0.016875 0.250209 -0.003692 0.999992 -0.001274 -0.003715 -0.016880 0.001211 0.999857 0.000994
0.528932 0.940323 0.500000 0.500000 0.000000 0.000000 0.999834 0.003946 0.017793 0.263751 -0.003925 0.999992 -0.001169 -0.004028 -0.017798 0.001098 0.999841 0.000819
0.528932 0.940323 0.500000 0.500000 0.000000 0.000000 0.999803 0.004356 0.019359 0.291357 -0.004334 0.999990 -0.001189 -0.004308 -0.019364 0.001105 0.999812 0.000570
0.528932 0.940323 0.500000 0.500000 0.000000 0.000000 0.999785 0.004631 0.020197 0.304967 -0.004607 0.999989 -0.001243 -0.004468 -0.020203 0.001150 0.999795 0.000469
0.528932 0.940323 0.500000 0.500000 0.000000 0.000000 0.999749 0.005162 0.021813 0.332076 -0.005139 0.999986 -0.001106 -0.004942 -0.021818 0.000994 0.999761 0.000273
0.528932 0.940323 0.500000 0.500000 0.000000 0.000000 0.999726 0.005400 0.022783 0.345403 -0.005371 0.999985 -0.001334 -0.004778 -0.022790 0.001211 0.999740 0.000062
0.528932 0.940323 0.500000 0.500000 0.000000 0.000000 0.999686 0.005985 0.024339 0.372389 -0.005955 0.999981 -0.001297 -0.005081 -0.024347 0.001152 0.999703 -0.000281
0.528932 0.940323 0.500000 0.500000 0.000000 0.000000 0.999663 0.006235 0.025183 0.385965 -0.006197 0.999980 -0.001582 -0.004772 -0.025192 0.001425 0.999682 -0.000546
0.528932 0.940323 0.500000 0.500000 0.000000 0.000000 0.999618 0.006859 0.026790 0.412664 -0.006823 0.999976 -0.001417 -0.005184 -0.026799 0.001234 0.999640 -0.001048
0.528932 0.940323 0.500000 0.500000 0.000000 0.000000 0.999595 0.007144 0.027537 0.426054 -0.007114 0.999974 -0.001182 -0.005595 -0.027545 0.000986 0.999620 -0.001216
0.528932 0.940323 0.500000 0.500000 0.000000 0.000000 0.999546 0.007729 0.029114 0.452901 -0.007692 0.999969 -0.001389 -0.005410 -0.029123 0.001165 0.999575 -0.002048
0.528932 0.940323 0.500000 0.500000 0.000000 0.000000 0.999524 0.008018 0.029797 0.466295 -0.007982 0.999967 -0.001318 -0.005494 -0.029807 0.001079 0.999555 -0.002368
0.528932 0.940323 0.500000 0.500000 0.000000 0.000000 0.999472 0.008674 0.031301 0.492989 -0.008635 0.999962 -0.001375 -0.005456 -0.031312 0.001104 0.999509 -0.003251
0.528932 0.940323 0.500000 0.500000 0.000000 0.000000 0.999447 0.008954 0.032016 0.506354 -0.008911 0.999959 -0.001471 -0.005306 -0.032028 0.001185 0.999486 -0.003572
0.528932 0.940323 0.500000 0.500000 0.000000 0.000000 0.999393 0.009723 0.033463 0.532752 -0.009682 0.999952 -0.001401 -0.005397 -0.033475 0.001076 0.999439 -0.004537
0.528932 0.940323 0.500000 0.500000 0.000000 0.000000 0.999368 0.010139 0.034060 0.546404 -0.010095 0.999948 -0.001461 -0.005335 -0.034073 0.001116 0.999419 -0.004987
0.528932 0.940323 0.500000 0.500000 0.000000 0.000000 0.999310 0.010939 0.035508 0.572863 -0.010895 0.999940 -0.001413 -0.005354 -0.035522 0.001025 0.999368 -0.006006
0.528932 0.940323 0.500000 0.500000 0.000000 0.000000 0.999284 0.011314 0.036102 0.586254 -0.011272 0.999936 -0.001346 -0.005411 -0.036115 0.000938 0.999347 -0.006601
0.528932 0.940323 0.500000 0.500000 0.000000 0.000000 0.999218 0.012184 0.037617 0.612687 -0.012147 0.999925 -0.001207 -0.005500 -0.037629 0.000749 0.999291 -0.008041
0.528932 0.940323 0.500000 0.500000 0.000000 0.000000 0.999190 0.012580 0.038216 0.626235 -0.012542 0.999921 -0.001220 -0.005449 -0.038228 0.000739 0.999269 -0.008666
0.528932 0.940323 0.500000 0.500000 0.000000 0.000000 0.999124 0.013512 0.039596 0.652940 -0.013484 0.999909 -0.000951 -0.005687 -0.039605 0.000416 0.999215 -0.010143
0.528932 0.940323 0.500000 0.500000 0.000000 0.000000 0.999091 0.013998 0.040252 0.666384 -0.013968 0.999902 -0.001036 -0.005527 -0.040263 0.000473 0.999189 -0.010825
0.528932 0.940323 0.500000 0.500000 0.000000 0.000000 0.999019 0.015021 0.041654 0.693261 -0.015004 0.999887 -0.000718 -0.005808 -0.041660 0.000092 0.999132 -0.012439
0.528932 0.940323 0.500000 0.500000 0.000000 0.000000 0.998994 0.015566 0.042056 0.707246 -0.015536 0.999879 -0.001047 -0.005312 -0.042067 0.000392 0.999115 -0.013171
0.528932 0.940323 0.500000 0.500000 0.000000 0.000000 0.998916 0.016664 0.043457 0.733959 -0.016649 0.999861 -0.000713 -0.005677 -0.043463 -0.000011 0.999055 -0.014835
0.528932 0.940323 0.500000 0.500000 0.000000 0.000000 0.998873 0.017258 0.044224 0.747400 -0.017243 0.999851 -0.000730 -0.005507 -0.044230 -0.000034 0.999021 -0.015753
0.528932 0.940323 0.500000 0.500000 0.000000 0.000000 0.998801 0.018320 0.045387 0.775021 -0.018302 0.999832 -0.000816 -0.005331 -0.045394 -0.000016 0.998969 -0.017364
0.528932 0.940323 0.500000 0.500000 0.000000 0.000000 0.998720 0.019411 0.046700 0.802249 -0.019392 0.999812 -0.000865 -0.005198 -0.046708 -0.000041 0.998909 -0.019138
0.528932 0.940323 0.500000 0.500000 0.000000 0.000000 0.998686 0.019991 0.047178 0.816519 -0.019961 0.999800 -0.001109 -0.004863 -0.047191 0.000166 0.998886 -0.019770
0.528932 0.940323 0.500000 0.500000 0.000000 0.000000 0.998628 0.020635 0.048126 0.829710 -0.020617 0.999787 -0.000866 -0.005176 -0.048134 -0.000128 0.998841 -0.020716
0.528932 0.940323 0.500000 0.500000 0.000000 0.000000 0.998525 0.021830 0.049702 0.856855 -0.021823 0.999762 -0.000697 -0.005408 -0.049705 -0.000388 0.998764 -0.022536
0.528932 0.940323 0.500000 0.500000 0.000000 0.000000 0.998486 0.022434 0.050225 0.870902 -0.022423 0.999748 -0.000782 -0.005286 -0.050230 -0.000346 0.998738 -0.023387
0.528932 0.940323 0.500000 0.500000 0.000000 0.000000 0.998389 0.023634 0.051591 0.898296 -0.023624 0.999721 -0.000794 -0.005331 -0.051595 -0.000426 0.998668 -0.025107
0.528932 0.940323 0.500000 0.500000 0.000000 0.000000 0.998326 0.024276 0.052488 0.911671 -0.024280 0.999705 -0.000578 -0.005671 -0.052486 -0.000698 0.998621 -0.026015
0.528932 0.940323 0.500000 0.500000 0.000000 0.000000 0.998223 0.025496 0.053853 0.939418 -0.025500 0.999675 -0.000603 -0.005786 -0.053851 -0.000772 0.998549 -0.027736
0.528932 0.940323 0.500000 0.500000 0.000000 0.000000 0.998103 0.026705 0.055467 0.966590 -0.026712 0.999643 -0.000620 -0.005963 -0.055463 -0.000863 0.998460 -0.029470
0.528932 0.940323 0.500000 0.500000 0.000000 0.000000 0.998039 0.027387 0.056284 0.980128 -0.027378 0.999625 -0.000935 -0.005629 -0.056288 -0.000608 0.998414 -0.030254
