0.432004 0.768007 0.500000 0.500000 0.000000 0.000000 1.000000 0.000000 -0.000000 0.000000 -0.000000 1.000000 0.000000 0.000000 -0.000000 -0.000000 1.000000 0.000000
0.432004 0.768007 0.500000 0.500000 0.000000 0.000000 0.999892 -0.000818 0.014672 -0.017619 0.000821 1.000000 -0.000249 0.001386 -0.014671 0.000261 0.999892 -0.003520
0.432004 0.768007 0.500000 0.500000 0.000000 0.000000 0.999575 -0.001460 0.029104 -0.034500 0.001471 0.999999 -0.000380 0.002525 -0.029103 0.000422 0.999576 -0.007302
0.432004 0.768007 0.500000 0.500000 0.000000 0.000000 0.999039 -0.002125 0.043790 -0.050857 0.002148 0.999998 -0.000477 0.003810 -0.043789 0.000571 0.999041 -0.011142
0.432004 0.768007 0.500000 0.500000 0.000000 0.000000 0.998260 -0.002781 0.058900 -0.066446 0.002823 0.999996 -0.000637 0.005194 -0.058898 0.000802 0.998264 -0.015410
0.432004 0.768007 0.500000 0.500000 0.000000 0.000000 0.997774 -0.003153 0.066611 -0.074006 0.003200 0.999995 -0.000592 0.005792 -0.066608 0.000804 0.997779 -0.017845
0.432004 0.768007 0.500000 0.500000 0.000000 0.000000 0.996609 -0.003722 0.082198 -0.089242 0.003790 0.999993 -0.000663 0.006620 -0.082195 0.000972 0.996616 -0.023226
0.432004 0.768007 0.500000 0.500000 0.000000 0.000000 0.995169 -0.004139 0.098085 -0.104487 0.004228 0.999991 -0.000703 0.007291 -0.098081 0.001114 0.995178 -0.028187
0.432004 0.768007 0.500000 0.500000 0.000000 0.000000 0.993469 -0.004507 0.114015 -0.119654 0.004616 0.999989 -0.000688 0.007139 -0.114010 0.001210 0.993479 -0.033958
0.432004 0.768007 0.500000 0.500000 0.000000 0.000000 0.991555 -0.004996 0.129592 -0.134803 0.005133 0.999987 -0.000720 0.007446 -0.129587 0.001379 0.991567 -0.038934
0.432004 0.768007 0.500000 0.500000 0.000000 0.000000 0.989434 -0.005079 0.144897 -0.150102 0.005255 0.999986 -0.000828 0.007222 -0.144890 0.001580 0.989446 -0.043521
0.432004 0.768007 0.500000 0.500000 0.000000 0.000000 0.987142 -0.005153 0.159764 -0.165227 0.005322 0.999986 -0.000633 0.006785 -0.159758 0.001476 0.987155 -0.048171
0.432004 0.768007 0.500000 0.500000 0.000000 0.000000 0.984748 -0.005406 0.173904 -0.180050 0.005599 0.999984 -0.000623 0.005683 -0.173898 0.001587 0.984762 -0.054045
0.432004 0.768007 0.500000 0.500000 0.000000 0.000000 0.983504 -0.005639 0.180798 -0.187330 0.005849 0.999983 -0.000627 0.005380 -0.180791 0.001675 0.983520 -0.056882
0.432004 0.768007 0.500000 0.500000 0.000000 0.000000 0.980987 -0.006144 0.193975 -0.201933 0.006342 0.999980 -0.000399 0.004372 -0.193969 0.001621 0.981006 -0.063050
0.432004 0.768007 0.500000 0.500000 0.000000 0.000000 0.978404 -0.006737 0.206593 -0.216874 0.006955 0.999976 -0.000331 0.003231 -0.206586 0.001761 0.978427 -0.069268
0.432004 0.768007 0.500000 0.500000 0.000000 0.000000 0.975782 -0.007255 0.218625 -0.231944 0.007479 0.999972 -0.000196 0.002273 -0.218617 0.001826 0.975809 -0.076339
0.432004 0.768007 0.500000 0.500000 0.000000 0.000000 0.973174 -0.007483 0.229947 -0.247272 0.007723 0.999970 -0.000142 0.001053 -0.229939 0.001914 0.973203 -0.083939
0.432004 0.768007 0.500000 0.500000 0.000000 0.000000 0.970632 -0.007646 0.240449 -0.262609 0.007899 0.999969 -0.000091 0.000237 -0.240441 0.001987 0.970662 -0.091880
0.432004 0.768007 0.500000 0.500000 0.000000 0.000000 0.968226 -0.007766 0.249955 -0.278207 0.008028 0.999968 -0.000029 -0.000259 -0.249947 0.002035 0.968257 -0.100089
0.432004 0.768007 0.500000 0.500000 0.000000 0.000000 0.965935 -0.007782 0.258666 -0.294252 0.008088 0.999967 -0.000117 -0.000437 -0.258657 0.002205 0.965967 -0.108482
0.432004 0.768007 0.500000 0.500000 0.000000 0.000000 0.964836 -0.007932 0.262733 -0.302357 0.008252 0.999966 -0.000113 -0.000433 -0.262723 0.002277 0.964869 -0.112972
0.432004 0.768007 0.500000 0.500000 0.000000 0.000000 0.962634 -0.008292 0.270678 -0.318669 0.008668 0.999962 -0.000195 -0.000261 -0.270666 0.002534 0.962670 -0.122323
0.432004 0.768007 0.500000 0.500000 0.000000 0.000000 0.960546 -0.008449 0.277993 -0.335300 0.008874 0.999961 -0.000271 -0.000680 -0.277980 0.002727 0.960583 -0.131508
0.432004 0.768007 0.500000 0.500000 0.000000 0.000000 0.958596 -0.008455 0.284645 -0.352212 0.008906 0.999960 -0.000291 -0.001183 -0.284631 0.002814 0.958633 -0.141409
0.432004 0.768007 0.500000 0.500000 0.000000 0.000000 0.956809 -0.008532 0.290592 -0.369415 0.009034 0.999959 -0.000387 -0.001333 -0.290577 0.002996 0.956847 -0.151297
0.432004 0.768007 0.500000 0.500000 0.000000 0.000000 0.955271 -0.008800 0.295603 -0.386473 0.009338 0.999956 -0.000409 -0.001227 -0.295586 0.003151 0.955311 -0.161364
0.432004 0.768007 0.500000 0.500000 0.000000 0.000000 0.953990 -0.008859 0.299706 -0.403249 0.009436 0.999955 -0.000479 -0.001589 -0.299689 0.003285 0.954031 -0.171308
0.432004 0.768007 0.500000 0.500000 0.000000 0.000000 0.952800 -0.008722 0.303474 -0.420061 0.009331 0.999956 -0.000558 -0.001716 -0.303456 0.003363 0.952839 -0.181650
0.432004 0.768007 0.500000 0.500000 0.000000 0.000000 0.952225 -0.008873 0.305269 -0.428422 0.009488 0.999955 -0.000529 -0.001984 -0.305250 0.003400 0.952266 -0.186040
0.432004 0.768007 0.500000 0.500000 0.000000 0.000000 0.951126 -0.009082 0.308670 -0.444875 0.009775 0.999952 -0.000698 -0.001944 -0.308649 0.003682 0.951169 -0.195442
0.432004 0.768007 0.500000 0.500000 0.000000 0.000000 0.950193 -0.009399 0.311519 -0.461193 0.010104 0.999949 -0.000648 -0.001886 -0.311497 0.003764 0.950240 -0.205146
0.432004 0.768007 0.500000 0.500000 0.000000 0.000000 0.949454 -0.009725 0.313756 -0.477099 0.010451 0.999945 -0.000633 -0.002181 -0.313732 0.003880 0.949504 -0.215422
0.432004 0.768007 0.500000 0.500000 0.000000 0.000000 0.948767 -0.009993 0.315820 -0.492554 0.010715 0.999942 -0.000550 -0.002558 -0.315796 0.003906 0.948819 -0.226017
0.432004 0.768007 0.500000 0.500000 0.000000 0.000000 0.948057 -0.010103 0.317940 -0.507942 0.010852 0.999941 -0.000585 -0.003093 -0.317915 0.004005 0.948111 -0.236776
0.432004 0.768007 0.500000 0.500000 0.000000 0.000000 0.947367 -0.010125 0.319990 -0.523624 0.010914 0.999940 -0.000670 -0.003674 -0.319964 0.004127 0.947421 -0.247957
0.432004 0.768007 0.500000 0.500000 0.000000 0.000000 0.946752 -0.010255 0.321799 -0.539260 0.011077 0.999938 -0.000723 -0.003901 -0.321772 0.004249 0.946808 -0.259314
0.432004 0.768007 0.500000 0.500000 0.000000 0.000000 0.946487 -0.010532 0.322570 -0.546866 0.011349 0.999935 -0.000653 -0.004092 -0.322542 0.004279 0.946545 -0.264981
0.432004 0.768007 0.500000 0.500000 0.000000 0.000000 0.946082 -0.010996 0.323740 -0.562210 0.011849 0.999930 -0.000663 -0.004191 -0.323710 0.004463 0.946146 -0.276273
0.432004 0.768007 0.500000 0.500000 0.000000 0.000000 0.945781 -0.011197 0.324613 -0.577144 0.012037 0.999927 -0.000579 -0.004603 -0.324583 0.004455 0.945847 -0.287975
0.432004 0.768007 0.500000 0.500000 0.000000 0.000000 0.945479 -0.011373 0.325484 -0.591569 0.012210 0.999925 -0.000527 -0.004464 -0.325454 0.004472 0.945547 -0.299837
0.432004 0.768007 0.500000 0.500000 0.000000 0.000000 0.945179 -0.011552 0.326350 -0.605704 0.012400 0.999923 -0.000516 -0.004309 -0.326318 0.004534 0.945249 -0.311948
0.432004 0.768007 0.500000 0.500000 0.000000 0.000000 0.944881 -0.011762 0.327203 -0.619002 0.012622 0.999920 -0.000505 -0.003874 -0.327171 0.004607 0.944954 -0.324393
0.432004 0.768007 0.500000 0.500000 0.000000 0.000000 0.944650 -0.011863 0.327866 -0.632206 0.012736 0.999919 -0.000514 -0.003318 -0.327834 0.004661 0.944724 -0.336802
0.432004 0.768007 0.500000 0.500000 0.000000 0.000000 0.944535 -0.011918 0.328195 -0.644489 0.012736 0.999919 -0.000343 -0.002597 -0.328164 0.004504 0.944610 -0.349411
0.432004 0.768007 0.500000 0.500000 0.000000 0.000000 0.944538 -0.011924 0.328186 -0.650551 0.012700 0.999919 -0.000222 -0.002436 -0.328157 0.004377 0.944613 -0.355610
0.432004 0.768007 0.500000 0.500000 0.000000 0.000000 0.944574 -0.012027 0.328078 -0.661877 0.012792 0.999918 -0.000172 -0.001866 -0.328049 0.004360 0.944651 -0.368515
0.432004 0.768007 0.500000 0.500000 0.000000 0.000000 0.944648 -0.012119 0.327862 -0.672403 0.012874 0.999917 -0.000132 -0.001579 -0.327833 0.004345 0.944726 -0.381544
0.432004 0.768007 0.500000 0.500000 0.000000 0.000000 0.944645 -0.012183 0.327868 -0.682081 0.012913 0.999917 -0.000049 -0.001455 -0.327840 0.004280 0.944724 -0.394843
