0.477267 0.848475 0.500000 0.500000 0.000000 0.000000 1.000000 0.000000 0.000000 -0.000000 0.000000 1.000000 0.000000 0.000000 -0.000000 -0.000000 1.000000 0.000000
0.477267 0.848475 0.500000 0.500000 0.000000 0.000000 1.000000 -0.000152 -0.000121 -0.012012 0.000152 1.000000 -0.000075 -0.010840 0.000121 0.000075 1.000000 0.047443
0.477267 0.848475 0.500000 0.500000 0.000000 0.000000 1.000000 -0.000448 -0.000629 -0.014647 0.000448 1.000000 0.000464 -0.018447 0.000629 -0.000465 1.000000 0.072636
0.477267 0.848475 0.500000 0.500000 0.000000 0.000000 0.999999 -0.000980 0.001105 -0.032179 0.000979 0.999999 0.000591 -0.037677 -0.001106 -0.000590 0.999999 0.149587
0.477267 0.848475 0.500000 0.500000 0.000000 0.000000 0.999998 -0.001463 0.001368 -0.035051 0.001462 0.999999 0.000883 -0.042654 -0.001369 -0.000881 0.999999 0.177634
0.477267 0.848475 0.500000 0.500000 0.000000 0.000000 0.999994 -0.002115 0.002613 -0.045213 0.002110 0.999996 0.001939 -0.061827 -0.002617 -0.001934 0.999995 0.256417
0.477267 0.848475 0.500000 0.500000 0.000000 0.000000 0.999991 -0.002621 0.003318 -0.048726 0.002612 0.999993 0.002512 -0.067966 -0.003324 -0.002504 0.999991 0.282744
0.477267 0.848475 0.500000 0.500000 0.000000 0.000000 0.999984 -0.003135 0.004788 -0.052807 0.003120 0.999991 0.002990 -0.078875 -0.004797 -0.002975 0.999984 0.336163
0.477267 0.848475 0.500000 0.500000 0.000000 0.000000 0.999970 -0.004063 0.006529 -0.055728 0.004040 0.999986 0.003446 -0.088265 -0.006543 -0.003420 0.999973 0.391586
0.477267 0.848475 0.500000 0.500000 0.000000 0.000000 0.999952 -0.005052 0.008380 -0.058304 0.005021 0.999981 0.003660 -0.095974 -0.008398 -0.003617 0.999958 0.445434
0.477267 0.848475 0.500000 0.500000 0.000000 0.000000 0.999945 -0.005575 0.008883 -0.056713 0.005539 0.999977 0.004033 -0.101209 -0.008905 -0.003983 0.999952 0.473153
0.477267 0.848475 0.500000 0.500000 0.000000 0.000000 0.999909 -0.007076 0.011456 -0.056895 0.007034 0.999968 0.003690 -0.112931 -0.011482 -0.003609 0.999928 0.554367
0.477267 0.848475 0.500000 0.500000 0.000000 0.000000 0.999896 -0.007932 0.012070 -0.055131 0.007888 0.999962 0.003690 -0.116415 -0.012099 -0.003594 0.999920 0.581413
0.477267 0.848475 0.500000 0.500000 0.000000 0.000000 0.999839 -0.010948 0.014201 -0.054561 0.010901 0.999935 0.003347 -0.127628 -0.014237 -0.003192 0.999894 0.661084
0.477267 0.848475 0.500000 0.500000 0.000000 0.000000 0.999822 -0.011939 0.014624 -0.054325 0.011893 0.999924 0.003189 -0.132390 -0.014661 -0.003014 0.999888 0.687156
0.477267 0.848475 0.500000 0.500000 0.000000 0.000000 0.999781 -0.014383 0.015197 -0.053487 0.014332 0.999891 0.003441 -0.141690 -0.015245 -0.003223 0.999879 0.739590
0.477267 0.848475 0.500000 0.500000 0.000000 0.000000 0.999749 -0.016747 0.014885 -0.051762 0.016701 0.999855 0.003196 -0.148735 -0.014936 -0.002947 0.999884 0.792615
0.477267 0.848475 0.500000 0.500000 0.000000 0.000000 0.999733 -0.017888 0.014600 -0.048967 0.017828 0.999832 0.004211 -0.156617 -0.014673 -0.003949 0.999884 0.816935
0.477267 0.848475 0.500000 0.500000 0.000000 0.000000 0.999664 -0.020530 0.015821 -0.045509 0.020452 0.999778 0.005078 -0.175018 -0.015922 -0.004753 0.999862 0.896843
0.477267 0.848475 0.500000 0.500000 0.000000 0.000000 0.999633 -0.021369 0.016635 -0.039334 0.021279 0.999758 0.005566 -0.188448 -0.016750 -0.005210 0.999846 0.950668
0.477267 0.848475 0.500000 0.500000 0.000000 0.000000 0.999597 -0.021269 0.018780 -0.041828 0.021148 0.999755 0.006602 -0.204449 -0.018916 -0.006203 0.999802 1.009104
0.477267 0.848475 0.500000 0.500000 0.000000 0.000000 0.999570 -0.021563 0.019849 -0.042187 0.021423 0.999745 0.007203 -0.211364 -0.019999 -0.006774 0.999777 1.040346
0.477267 0.848475 0.500000 0.500000 0.000000 0.000000 0.999505 -0.021821 0.022667 -0.047121 0.021653 0.999736 0.007634 -0.222710 -0.022828 -0.007139 0.999714 1.102351
0.477267 0.848475 0.500000 0.500000 0.000000 0.000000 0.999449 -0.021384 0.025400 -0.053584 0.021209 0.999750 0.007119 -0.232121 -0.025546 -0.006577 0.999652 1.163674
0.477267 0.848475 0.500000 0.500000 0.000000 0.000000 0.999381 -0.020745 0.028423 -0.059754 0.020561 0.999766 0.006758 -0.242933 -0.028556 -0.006169 0.999573 1.223891
0.477267 0.848475 0.500000 0.500000 0.000000 0.000000 0.999288 -0.020313 0.031784 -0.067879 0.020130 0.999779 0.006062 -0.251665 -0.031900 -0.005417 0.999476 1.285750
0.477267 0.848475 0.500000 0.500000 0.000000 0.000000 0.999171 -0.020274 0.035311 -0.075841 0.020034 0.999774 0.007147 -0.264177 -0.035448 -0.006434 0.999351 1.349794
0.477267 0.848475 0.500000 0.500000 0.000000 0.000000 0.999055 -0.019508 0.038828 -0.082157 0.019226 0.999786 0.007624 -0.274211 -0.038969 -0.006870 0.999217 1.412946
0.477267 0.848475 0.500000 0.500000 0.000000 0.000000 0.999033 -0.017955 0.040134 -0.083642 0.017640 0.999811 0.008175 -0.280946 -0.040273 -0.007459 0.999161 1.449174
0.477267 0.848475 0.500000 0.500000 0.000000 0.000000 0.998883 -0.015580 0.044611 -0.094371 0.015244 0.999853 0.007862 -0.290355 -0.044727 -0.007173 0.998973 1.512075
0.477267 0.848475 0.500000 0.500000 0.000000 0.000000 0.998699 -0.018566 0.047486 -0.097665 0.018221 0.999804 0.007690 -0.301511 -0.047620 -0.006815 0.998842 1.563515
0.477267 0.848475 0.500000 0.500000 0.000000 0.000000 0.998456 -0.020917 0.051457 -0.103968 0.020587 0.999764 0.006937 -0.311120 -0.051590 -0.005867 0.998651 1.614183
0.477267 0.848475 0.500000 0.500000 0.000000 0.000000 0.998239 -0.024161 0.054175 -0.106039 0.023903 0.999700 0.005411 -0.316985 -0.054290 -0.004106 0.998517 1.665657
0.477267 0.848475 0.500000 0.500000 0.000000 0.000000 0.998046 -0.025626 0.056989 -0.108739 0.025390 0.999666 0.004855 -0.326821 -0.057094 -0.003398 0.998363 1.723733
0.477267 0.848475 0.500000 0.500000 0.000000 0.000000 0.997826 -0.026543 0.060324 -0.111867 0.026328 0.999644 0.004367 -0.337291 -0.060418 -0.002769 0.998169 1.791481
0.477267 0.848475 0.500000 0.500000 0.000000 0.000000 0.997606 -0.027239 0.063569 -0.113263 0.027069 0.999627 0.003534 -0.345836 -0.063641 -0.001805 0.997971 1.865463
0.477267 0.848475 0.500000 0.500000 0.000000 0.000000 0.997532 -0.027002 0.064809 -0.115314 0.026887 0.999635 0.002648 -0.347884 -0.064857 -0.000899 0.997894 1.896211
0.477267 0.848475 0.500000 0.500000 0.000000 0.000000 0.997553 -0.028820 0.063692 -0.110617 0.028779 0.999585 0.001560 -0.356787 -0.063710 0.000276 0.997968 1.942270
0.477267 0.848475 0.500000 0.500000 0.000000 0.000000 0.997561 -0.030254 0.062906 -0.109431 0.030336 0.999540 -0.000349 -0.362528 -0.062867 0.002257 0.998019 1.979610
0.477267 0.848475 0.500000 0.500000 0.000000 0.000000 0.997540 -0.032428 0.062145 -0.108583 0.032598 0.999467 -0.001728 -0.372199 -0.062056 0.003750 0.998066 2.009728
0.477267 0.848475 0.500000 0.500000 0.000000 0.000000 0.997538 -0.035528 0.060457 -0.102035 0.035777 0.999355 -0.003049 -0.381277 -0.060309 0.005204 0.998166 2.035357
0.477267 0.848475 0.500000 0.500000 0.000000 0.000000 0.997436 -0.036833 0.061358 -0.099398 0.037072 0.999309 -0.002766 -0.398238 -0.061214 0.005034 0.998112 2.086371
0.477267 0.848475 0.500000 0.500000 0.000000 0.000000 0.997353 -0.038584 0.061631 -0.094389 0.038857 0.999240 -0.003226 -0.411190 -0.061460 0.005612 0.998094 2.141555
0.477267 0.848475 0.500000 0.500000 0.000000 0.000000 0.997314 -0.037843 0.062704 -0.091990 0.038110 0.999269 -0.003069 -0.425066 -0.062542 0.005450 0.998027 2.198218
0.477267 0.848475 0.500000 0.500000 0.000000 0.000000 0.997250 -0.037982 0.063642 -0.090311 0.038254 0.999263 -0.003050 -0.431885 -0.063479 0.005476 0.997968 2.227505
0.477267 0.848475 0.500000 0.500000 0.000000 0.000000 0.997057 -0.036439 0.067446 -0.089299 0.036702 0.999323 -0.002673 -0.450568 -0.067303 0.005140 0.997719 2.301579
0.477267 0.848475 0.500000 0.500000 0.000000 0.000000 0.996964 -0.036144 0.068960 -0.089361 0.036409 0.999334 -0.002578 -0.456039 -0.068820 0.005081 0.997616 2.326873
0.477267 0.848475 0.500000 0.500000 0.000000 0.000000 0.996814 -0.035002 0.071666 -0.087715 0.035250 0.999376 -0.002195 -0.466253 -0.071545 0.004714 0.997426 2.376839
0.477267 0.848475 0.500000 0.500000 0.000000 0.000000 0.996629 -0.034577 0.074396 -0.085681 0.034857 0.999389 -0.002460 -0.472506 -0.074265 0.005045 0.997226 2.423373
