0.615278 1.093828 0.500000 0.500000 0.000000 0.000000 1.000000 -0.000000 -0.000000 0.000000 0.000000 1.000000 0.000000 0.000000 -0.000000 0.000000 1.000000 0.000000
0.615278 1.093828 0.500000 0.500000 0.000000 0.000000 1.000000 0.000215 -0.000327 0.001813 -0.000214 1.000000 0.000477 -0.009889 0.000327 -0.000477 1.000000 -0.001529
0.615278 1.093828 0.500000 0.500000 0.000000 0.000000 1.000000 0.000317 -0.000699 0.003404 -0.000316 0.999999 0.001008 -0.020295 0.000699 -0.001008 0.999999 -0.003326
0.615278 1.093828 0.500000 0.500000 0.000000 0.000000 1.000000 0.000318 -0.000751 0.004891 -0.000317 0.999999 0.001477 -0.030886 0.000751 -0.001476 0.999999 -0.005395
0.615278 1.093828 0.500000 0.500000 0.000000 0.000000 1.000000 0.000409 -0.000742 0.006001 -0.000408 0.999998 0.001824 -0.036560 0.000742 -0.001824 0.999998 -0.006422
0.615278 1.093828 0.500000 0.500000 0.000000 0.000000 1.000000 0.000526 -0.000768 0.007271 -0.000524 0.999997 0.002248 -0.047519 0.000769 -0.002248 0.999997 -0.008329
0.615278 1.093828 0.500000 0.500000 0.000000 0.000000 0.999999 0.000716 -0.000859 0.008957 -0.000713 0.999996 0.002643 -0.058917 0.000861 -0.002642 0.999996 -0.010188
0.615278 1.093828 0.500000 0.500000 0.000000 0.000000 0.999999 0.000731 -0.001036 0.010127 -0.000728 0.999995 0.003061 -0.070428 0.001038 -0.003060 0.999995 -0.012113
0.615278 1.093828 0.500000 0.500000 0.000000 0.000000 0.999999 0.000898 -0.001072 0.012077 -0.000894 0.999993 0.003660 -0.081854 0.001076 -0.003659 0.999993 -0.014271
0.615278 1.093828 0.500000 0.500000 0.000000 0.000000 0.999999 0.000992 -0.001138 0.013399 -0.000988 0.999991 0.004035 -0.093187 0.001142 -0.004034 0.999991 -0.016292
0.615278 1.093828 0.500000 0.500000 0.000000 0.000000 0.999998 0.001144 -0.001424 0.015275 -0.001137 0.999989 0.004575 -0.104784 0.001429 -0.004574 0.999989 -0.018427
0.615278 1.093828 0.500000 0.500000 0.000000 0.000000 0.999998 0.001333 -0.001589 0.017036 -0.001325 0.999986 0.005046 -0.116144 0.001596 -0.005044 0.999986 -0.020853
0.615278 1.093828 0.500000 0.500000 0.000000 0.000000 0.999998 0.001341 -0.001517 0.017487 -0.001333 0.999985 0.005314 -0.121989 0.001524 -0.005312 0.999985 -0.022131
0.615278 1.093828 0.500000 0.500000 0.000000 0.000000 0.999997 0.001529 -0.001691 0.019269 -0.001520 0.999983 0.005645 -0.133104 0.001700 -0.005642 0.999983 -0.024771
0.615278 1.093828 0.500000 0.500000 0.000000 0.000000 0.999997 0.001416 -0.001932 0.020898 -0.001404 0.999980 0.006180 -0.144576 0.001941 -0.006177 0.999979 -0.027307
0.615278 1.093828 0.500000 0.500000 0.000000 0.000000 0.999997 0.001548 -0.001990 0.022102 -0.001535 0.999976 0.006696 -0.155835 0.002001 -0.006693 0.999976 -0.030287
0.615278 1.093828 0.500000 0.500000 0.000000 0.000000 0.999996 0.001815 -0.002178 0.023868 -0.001799 0.999972 0.007242 -0.167078 0.002191 -0.007238 0.999971 -0.033047
0.615278 1.093828 0.500000 0.500000 0.000000 0.000000 0.999996 0.001735 -0.002195 0.025182 -0.001718 0.999968 0.007756 -0.178377 0.002208 -0.007752 0.999968 -0.036110
0.615278 1.093828 0.500000 0.500000 0.000000 0.000000 0.999995 0.001888 -0.002457 0.026766 -0.001868 0.999965 0.008184 -0.189906 0.002473 -0.008180 0.999963 -0.039023
0.615278 1.093828 0.500000 0.500000 0.000000 0.000000 0.999995 0.002015 -0.002575 0.028158 -0.001993 0.999961 0.008660 -0.201422 0.002592 -0.008654 0.999959 -0.041661
0.615278 1.093828 0.500000 0.500000 0.000000 0.000000 0.999995 0.001951 -0.002455 0.028327 -0.001929 0.999959 0.008898 -0.207477 0.002472 -0.008893 0.999957 -0.043296
0.615278 1.093828 0.500000 0.500000 0.000000 0.000000 0.999994 0.002039 -0.002711 0.029982 -0.002014 0.999954 0.009427 -0.219348 0.002730 -0.009421 0.999952 -0.045578
0.615278 1.093828 0.500000 0.500000 0.000000 0.000000 0.999994 0.001914 -0.002915 0.030768 -0.001885 0.999949 0.009949 -0.231634 0.002934 -0.009943 0.999946 -0.047678
0.615278 1.093828 0.500000 0.500000 0.000000 0.000000 0.999994 0.002042 -0.002807 0.030782 -0.002013 0.999942 0.010552 -0.244134 0.002828 -0.010546 0.999940 -0.050397
0.615278 1.093828 0.500000 0.500000 0.000000 0.000000 0.999993 0.002103 -0.003098 0.031351 -0.002069 0.999938 0.010904 -0.256507 0.003121 -0.010897 0.999936 -0.052897
0.615278 1.093828 0.500000 0.500000 0.000000 0.000000 0.999992 0.002243 -0.003249 0.031786 -0.002205 0.999932 0.011464 -0.268867 0.003275 -0.011457 0.999929 -0.055193
0.615278 1.093828 0.500000 0.500000 0.000000 0.000000 0.999992 0.002395 -0.003306 0.031250 -0.002355 0.999927 0.011886 -0.281574 0.003335 -0.011879 0.999924 -0.057737
0.615278 1.093828 0.500000 0.500000 0.000000 0.000000 0.999991 0.002539 -0.003471 0.031590 -0.002496 0.999920 0.012430 -0.294074 0.003502 -0.012421 0.999917 -0.060433
0.615278 1.093828 0.500000 0.500000 0.000000 0.000000 0.999991 0.002506 -0.003517 0.031775 -0.002462 0.999916 0.012714 -0.300324 0.003549 -0.012705 0.999913 -0.061508
0.615278 1.093828 0.500000 0.500000 0.000000 0.000000 0.999991 0.002524 -0.003456 0.031207 -0.002478 0.999909 0.013263 -0.312924 0.003490 -0.013254 0.999906 -0.064115
0.615278 1.093828 0.500000 0.500000 0.000000 0.000000 0.999991 0.002610 -0.003302 0.029912 -0.002564 0.999900 0.013903 -0.325419 0.003338 -0.013894 0.999898 -0.066755
0.615278 1.093828 0.500000 0.500000 0.000000 0.000000 0.999990 0.002694 -0.003567 0.029532 -0.002643 0.999895 0.014272 -0.337734 0.003605 -0.014262 0.999892 -0.068922
0.615278 1.093828 0.500000 0.500000 0.000000 0.000000 0.999990 0.002782 -0.003597 0.028573 -0.002729 0.999887 0.014752 -0.350293 0.003638 -0.014742 0.999885 -0.071044
0.615278 1.093828 0.500000 0.500000 0.000000 0.000000 0.999989 0.002861 -0.003731 0.027236 -0.002803 0.999878 0.015366 -0.362400 0.003775 -0.015356 0.999875 -0.073339
0.615278 1.093828 0.500000 0.500000 0.000000 0.000000 0.999988 0.002949 -0.003789 0.026220 -0.002889 0.999872 0.015718 -0.374106 0.003835 -0.015707 0.999869 -0.075246
0.615278 1.093828 0.500000 0.500000 0.000000 0.000000 0.999988 0.003087 -0.003925 0.025008 -0.003024 0.999865 0.016126 -0.385810 0.003974 -0.016114 0.999862 -0.077187
0.615278 1.093828 0.500000 0.500000 0.000000 0.000000 0.999987 0.003183 -0.003887 0.024026 -0.003118 0.999860 0.016448 -0.391591 0.003939 -0.016435 0.999857 -0.078230
0.615278 1.093828 0.500000 0.500000 0.000000 0.000000 0.999986 0.003320 -0.004004 0.022551 -0.003253 0.999855 0.016728 -0.402909 0.004059 -0.016715 0.999852 -0.080099
0.615278 1.093828 0.500000 0.500000 0.000000 0.000000 0.999986 0.003457 -0.003986 0.021424 -0.003388 0.999844 0.017350 -0.414243 0.004045 -0.017336 0.999842 -0.082075
0.615278 1.093828 0.500000 0.500000 0.000000 0.000000 0.999985 0.003597 -0.004141 0.020466 -0.003523 0.999839 0.017612 -0.425279 0.004203 -0.017598 0.999836 -0.084044
0.615278 1.093828 0.500000 0.500000 0.000000 0.000000 0.999985 0.003755 -0.004066 0.019628 -0.003681 0.999831 0.017998 -0.436512 0.004133 -0.017983 0.999830 -0.085721
0.615278 1.093828 0.500000 0.500000 0.000000 0.000000 0.999986 0.003677 -0.003773 0.019102 -0.003606 0.999822 0.018520 -0.447487 0.003840 -0.018506 0.999821 -0.087582
0.615278 1.093828 0.500000 0.500000 0.000000 0.000000 0.999991 0.003373 -0.002459 0.018532 -0.003325 0.999813 0.019034 -0.458501 0.002523 -0.019026 0.999816 -0.089160
0.615278 1.093828 0.500000 0.500000 0.000000 0.000000 0.999996 0.002966 -0.000473 0.016508 -0.002957 0.999807 0.019413 -0.469394 0.000530 -0.019411 0.999811 -0.090956
0.615278 1.093828 0.500000 0.500000 0.000000 0.000000 0.999996 0.002803 0.000248 0.016510 -0.002807 0.999803 0.019638 -0.474855 -0.000193 -0.019639 0.999807 -0.091925
0.615278 1.093828 0.500000 0.500000 0.000000 0.000000 0.999995 0.002560 0.002043 0.014604 -0.002601 0.999794 0.020124 -0.485998 -0.001991 -0.020129 0.999795 -0.093879
0.615278 1.093828 0.500000 0.500000 0.000000 0.000000 0.999989 0.002242 0.004014 0.013148 -0.002324 0.999786 0.020558 -0.496942 -0.003967 -0.020567 0.999781 -0.095912
0.615278 1.093828 0.500000 0.500000 0.000000 0.000000 0.999979 0.001809 0.006297 0.011479 -0.001942 0.999776 0.021091 -0.508253 -0.006258 -0.021103 0.999758 -0.097527
0.615278 1.093828 0.500000 0.500000 0.000000 0.000000 0.999961 0.001255 0.008746 0.010364 -0.001441 0.999773 0.021260 -0.519731 -0.008718 -0.021272 0.999736 -0.099358
